0 0.520157 0.982591 0.024485 0.0348134 1
0 0.4224 0.229542 0.00687747 0.0290267 1
0 0.854446 0.162497 0.291109 0.324994 0.00566723
0 0.745571 0.813696 0.215597 0.372607 0.0044925
0 0.71061 0.803911 0.180277 0.392178 0.00440018
0 0.0743337 0.549205 0.0640387 0.121692 0.00438377
0 0.846904 0.227827 0.306191 0.455654 0.00400968
0 0.649827 0.781945 0.16498 0.43611 0.00358526
0 0.723733 0.826921 0.330627 0.346158 0.00342081
0 0.885387 0.172969 0.229225 0.345938 0.00335874
0 0.374674 0.261907 0.446564 0.523815 0.00316244
0 0.831842 0.298719 0.336316 0.597438 0.00311329
0 0.206134 0.689844 0.412269 0.620313 0.00309371
0 0.257449 0.716686 0.409123 0.566628 0.00302543
0 0.778921 0.823165 0.226867 0.353669 0.00298235
0 0.357208 0.689025 0.517192 0.62195 0.00293922
0 0.127311 0.773375 0.254622 0.45325 0.00281586
0 0.315995 0.232885 0.426985 0.465771 0.0028032
0 0.0394737 0.0613225 0.0789475 0.122645 0.00274764
0 0.556496 0.704415 0.396117 0.59117 0.00273996
0 0.620011 0.779717 0.429296 0.440566 0.00263687
0 0.707561 0.233509 0.40995 0.467017 0.00260792
0 0.690854 0.786565 0.101908 0.426869 0.00257838
0 0.936595 0.795058 0.126809 0.409884 0.00251672
0 0.0592703 0.5364 0.0538894 0.0600832 0.00249248
0 0.83135 0.825439 0.21274 0.349121 0.00247602
0 0.871596 0.821803 0.229658 0.356394 0.00244618
0 0.943638 0.655938 0.112724 0.522975 0.00239079
0 0.860352 0.270244 0.279296 0.540488 0.00238549
0 0.258261 0.627121 0.469361 0.745758 0.00236476
0 0.498515 0.68072 0.526365 0.638561 0.00235514
0 0.84399 0.134013 0.31202 0.268026 0.002354
0 0.137622 0.860766 0.275245 0.278468 0.00234729
0 0.495052 0.255851 0.404004 0.511703 0.00233682
0 0.652884 0.72753 0.110287 0.411134 0.00232872
0 0.726246 0.791242 0.140393 0.417517 0.00232321
0 0.0832633 0.844185 0.166527 0.31163 0.00231527
0 0.648444 0.275836 0.404506 0.551672 0.00229151
0 0.198188 0.702966 0.365391 0.594068 0.00228777
0 0.965841 0.771259 0.0683174 0.427152 0.00224646
0 0.688733 0.7167 0.100769 0.341621 0.00223453
0 0.797877 0.359466 0.404247 0.718931 0.00222564
0 0.626216 0.64792 0.189616 0.465374 0.00222417
0 0.0675946 0.540644 0.135189 0.481044 0.00218677
0 0.0958979 0.895586 0.191796 0.208827 0.00218587
0 0.159709 0.843913 0.319419 0.312174 0.0021852
0 0.0652201 0.579204 0.13044 0.349821 0.00216275
0 0.962571 0.14798 0.0748586 0.295961 0.00215572
0 0.798162 0.850868 0.226421 0.298263 0.00215549
0 0.921451 0.0646116 0.157098 0.129223 0.0021438
0 0.756276 0.143422 0.356132 0.286843 0.00213233
0 0.0924636 0.706087 0.184927 0.587825 0.00212947
0 0.90677 0.817866 0.186461 0.364268 0.00210138
0 0.940772 0.910189 0.118456 0.179623 0.00208764
0 0.586905 0.845582 0.433514 0.308837 0.00208142
0 0.642882 0.355965 0.523881 0.71193 0.00206606
0 0.939294 0.0766368 0.121411 0.153274 0.00205017
0 0.393165 0.878299 0.34148 0.243401 0.00204363
0 0.159908 0.689961 0.319816 0.620077 0.00204169
0 0.665742 0.84571 0.357695 0.308581 0.00204153
0 0.677364 0.694761 0.147541 0.401405 0.00203977
0 0.845907 0.483979 0.308186 0.640246 0.00203525
0 0.924504 0.843398 0.150993 0.313204 0.00203392
0 0.495296 0.441486 0.44389 0.789066 0.00202831
0 0.972441 0.580918 0.0551183 0.391307 0.00202214
0 0.941706 0.493974 0.116588 0.444121 0.00201681
0 0.87648 0.847814 0.236347 0.304372 0.00201565
0 0.0856691 0.929707 0.171338 0.140586 0.00200915
0 0.0807656 0.782416 0.161531 0.317809 0.00199528
0 0.81206 0.468833 0.37588 0.806559 0.00199093
0 0.237454 0.181025 0.37744 0.362049 0.00198929
0 0.0646688 0.0663377 0.129338 0.132675 0.0019878
0 0.07488 0.407154 0.14976 0.495682 0.00198594
0 0.643871 0.4309 0.482066 0.861801 0.00198402
0 0.250214 0.81774 0.500427 0.36452 0.00197092
0 0.759075 0.792301 0.189233 0.415398 0.00196579
0 0.643259 0.606085 0.394848 0.746747 0.00196488
0 0.536112 0.382075 0.472697 0.76415 0.0019477
0 0.83441 0.874003 0.204996 0.251994 0.00194547
0 0.21257 0.904301 0.322999 0.191399 0.00193489
0 0.97254 0.705963 0.0549189 0.38978 0.00193462
0 0.765308 0.407668 0.469384 0.815337 0.00193353
0 0.559066 0.648732 0.311528 0.602419 0.00193064
0 0.0672633 0.448073 0.134527 0.270031 0.00192931
0 0.492054 0.330466 0.460825 0.660933 0.00190663
0 0.720703 0.759842 0.128915 0.411419 0.00190421
0 0.237055 0.93962 0.249605 0.12076 0.0019026
0 0.511043 0.882941 0.352544 0.234118 0.0018838
0 0.118517 0.931868 0.237034 0.136263 0.00187731
0 0.766973 0.309062 0.466053 0.618123 0.00187604
0 0.539085 0.612708 0.456773 0.774584 0.00187118
0 0.439654 0.510108 0.398097 0.740349 0.00187114
0 0.0337307 0.113751 0.0674614 0.227503 0.00186876
0 0.172068 0.926055 0.280888 0.14789 0.00186528
0 0.334263 0.827606 0.487888 0.344788 0.00186416
0 0.871898 0.792144 0.256203 0.415713 0.00185031
0 0.818869 0.793536 0.255526 0.412928 0.00183937
0 0.383583 0.522325 0.400989 0.533704 0.0018375
0 0.427164 0.646451 0.526848 0.707098 0.00182326
0 0.515062 0.835215 0.471257 0.32957 0.00181755
0 0.578504 0.88939 0.326484 0.22122 0.00181506
0 0.678589 0.284841 0.524819 0.569682 0.00180646
0 0.0695139 0.393653 0.139028 0.272564 0.00180646
0 0.0475084 0.911303 0.0950167 0.177394 0.00180635
0 0.420901 0.93863 0.262003 0.122739 0.00179886
0 0.866176 0.677781 0.267648 0.644437 0.00179722
0 0.621938 0.899204 0.299832 0.201593 0.00178547
0 0.800029 0.571426 0.399942 0.857148 0.00178388
0 0.830466 0.186315 0.31076 0.372629 0.00178082
0 0.0259385 0.768489 0.0518771 0.275151 0.00177905
0 0.340942 0.901018 0.337545 0.197965 0.00177265
0 0.207498 0.3306 0.414996 0.6612 0.00177142
0 0.21503 0.744202 0.316696 0.511596 0.00176895
0 0.876033 0.0579318 0.247933 0.115864 0.001768
0 0.915804 0.129895 0.168392 0.25979 0.00176761
0 0.717049 0.726355 0.179632 0.452146 0.00175568
0 0.709874 0.214075 0.482327 0.42815 0.00175495
0 0.0744321 0.511719 0.148864 0.30131 0.00174674
0 0.919177 0.889798 0.161645 0.220404 0.00174111
0 0.17385 0.356974 0.347701 0.713948 0.0017399
0 0.94716 0.162106 0.105679 0.324212 0.00173807
0 0.962707 0.210474 0.0745856 0.420949 0.00173662
0 0.0781384 0.70174 0.156277 0.318816 0.00173626
0 0.416023 0.333102 0.468005 0.666204 0.00173599
0 0.944499 0.868522 0.111002 0.262957 0.00173375
0 0.956562 0.308425 0.0868752 0.423253 0.0017306
0 0.978601 0.632047 0.042799 0.443953 0.00172973
0 0.224462 0.29871 0.44538 0.597421 0.00172758
0 0.604428 0.531253 0.454817 0.853882 0.0017248
0 0.967914 0.467791 0.0641713 0.402718 0.00172107
0 0.847509 0.903979 0.208153 0.192042 0.00171867
0 0.578171 0.324036 0.447026 0.648073 0.00171688
0 0.437272 0.547967 0.481689 0.88124 0.00171383
0 0.929547 0.327593 0.140907 0.478831 0.00171202
0 0.0755656 0.633392 0.151131 0.303007 0.00171174
0 0.204929 0.819327 0.409857 0.361346 0.00170797
0 0.380134 0.130143 0.344757 0.260286 0.00170659
0 0.422752 0.7326 0.519183 0.5348 0.00170434
0 0.890749 0.753319 0.218501 0.493363 0.00169825
0 0.105486 0.632461 0.210973 0.560518 0.00169024
0 0.313275 0.543656 0.486053 0.716376 0.00168919
0 0.672974 0.909063 0.26335 0.181874 0.00168746
0 0.390154 0.444076 0.28259 0.32344 0.00168217
0 0.340476 0.509092 0.38478 0.413465 0.00167965
0 0.0290825 0.830158 0.058165 0.291186 0.0016724
0 0.838437 0.371385 0.323127 0.523584 0.00166656
0 0.2941 0.939342 0.253187 0.121315 0.00165883
0 0.0760238 0.660306 0.152048 0.474288 0.00165607
0 0.0698282 0.338364 0.139656 0.267892 0.00165592
0 0.826236 0.651265 0.347529 0.697469 0.00165282
0 0.0231964 0.70857 0.0463927 0.268926 0.00164905
0 0.690157 0.527711 0.467171 0.863453 0.00163585
0 0.209486 0.141578 0.357807 0.283156 0.00163358
0 0.54296 0.937958 0.262265 0.124085 0.00163056
0 0.0272908 0.205876 0.0545816 0.25955 0.00161573
0 0.268 0.367569 0.425641 0.735138 0.00161125
0 0.797987 0.766883 0.268945 0.466233 0.0016109
0 0.149994 0.938962 0.233515 0.122075 0.00160788
0 0.318293 0.325433 0.471711 0.650866 0.00160608
0 0.366155 0.939458 0.260552 0.121084 0.00160308
0 0.0259803 0.265523 0.0519606 0.25967 0.00160163
0 0.773521 0.901169 0.233597 0.197662 0.00160124
0 0.0314949 0.143678 0.0629898 0.266055 0.00159961
0 0.949673 0.216795 0.100654 0.43359 0.0015971
0 0.8462 0.753431 0.3076 0.493138 0.00159673
0 0.717309 0.655482 0.362627 0.626311 0.00159635
0 0.0265447 0.324976 0.0530893 0.260084 0.00159157
0 0.471494 0.937569 0.276069 0.124863 0.00159117
0 0.331432 0.38579 0.429346 0.718986 0.00159014
0 0.805092 0.706344 0.361464 0.587312 0.00158763
0 0.309048 0.582754 0.393133 0.581953 0.00158758
0 0.154163 0.383427 0.308326 0.766853 0.00158423
0 0.764111 0.737704 0.270258 0.524591 0.00158333
0 0.1516 0.557481 0.3032 0.624932 0.00158255
0 0.315368 0.116377 0.334412 0.232755 0.00157643
0 0.298108 0.729597 0.526034 0.540807 0.00154746
0 0.763782 0.630606 0.40121 0.708269 0.00154501
0 0.726375 0.0515185 0.239737 0.103037 0.00154432
0 0.608291 0.93761 0.254004 0.124781 0.00153843
0 0.358119 0.432452 0.340633 0.585024 0.00153815
0 0.0259277 0.646666 0.0518553 0.272793 0.00153595
0 0.0271859 0.377642 0.0543719 0.258115 0.00153374
0 0.0349084 0.541333 0.0698168 0.273171 0.00152558
0 0.962845 0.399004 0.0743106 0.483384 0.00152555
0 0.713287 0.169307 0.431335 0.338615 0.00152531
0 0.203556 0.433321 0.37031 0.636321 0.00152282
0 0.284695 0.0499827 0.241919 0.0999655 0.0015223
0 0.822072 0.0565509 0.239701 0.113102 0.00152192
0 0.409882 0.422439 0.436682 0.672084 0.0015111
0 0.350333 0.0477298 0.235456 0.0954597 0.0015066
0 0.357912 0.375522 0.213287 0.327724 0.00149654
0 0.166421 0.629646 0.332841 0.605476 0.00148459
0 0.066529 0.273218 0.133058 0.252991 0.00148326
0 0.0316683 0.586356 0.0633367 0.274323 0.00148267
0 0.910887 0.925058 0.178226 0.149884 0.00147655
0 0.413781 0.0498117 0.234504 0.0996235 0.00147016
0 0.032282 0.880435 0.064564 0.23913 0.00146628
0 0.173564 0.49701 0.347128 0.601602 0.00145722
0 0.151941 0.703275 0.286949 0.537147 0.00145308
0 0.0674057 0.297302 0.134811 0.397384 0.00144715
0 0.0330443 0.487795 0.0660887 0.270819 0.00144578
0 0.872379 0.929647 0.228737 0.140705 0.00143542
0 0.123395 0.669811 0.220124 0.42959 0.00143309
0 0.570698 0.0457834 0.236187 0.0915668 0.00141839
0 0.0716142 0.554525 0.0759421 0.175086 0.00141607
0 0.175782 0.656794 0.241852 0.317716 0.00141095
0 0.182095 0.110453 0.336839 0.220906 0.00140746
0 0.212503 0.567947 0.344524 0.574605 0.00140178
0 0.11074 0.0524646 0.22148 0.104929 0.00139297
0 0.226304 0.0524547 0.238484 0.104909 0.00139097
0 0.251283 0.516065 0.355014 0.58811 0.00138717
0 0.479292 0.0486471 0.228915 0.0972942 0.00138172
0 0.632712 0.0463751 0.23753 0.0927502 0.00137948
0 0.164638 0.0516745 0.240984 0.103349 0.001377
0 0.681562 0.937476 0.235487 0.125049 0.00137195
0 0.175274 0.263346 0.350547 0.526692 0.00136679
0 0.0688743 0.195149 0.137749 0.24604 0.00136317
0 0.460387 0.123962 0.301345 0.247924 0.00135738
0 0.0709494 0.12815 0.141899 0.2563 0.00135627
0 0.0305976 0.429219 0.0611951 0.261605 0.00135333
0 0.0689711 0.541117 0.0356443 0.0574085 0.00134876
0 0.0913363 0.583679 0.157447 0.220073 0.00134501
0 0.467735 0.281992 0.0148995 0.0294321 0.00131175
0 0.695006 0.136368 0.330814 0.272736 0.0012837
0 0.744801 0.934828 0.229611 0.130344 0.0012813
0 0.597842 0.153155 0.322349 0.30631 0.00126095
0 0.808048 0.931282 0.227353 0.137435 0.00124155
0 0.465888 0.294924 0.0139313 0.0262271 0.00121634
0 0.060927 0.194737 0.121854 0.323822 0.00121211
0 0.246271 0.102311 0.318775 0.204622 0.00120242
0 0.531827 0.127022 0.304077 0.254045 0.00119641
0 0.136963 0.120624 0.273926 0.241249 0.00119074
0 0.074271 0.544531 0.0343567 0.06068 0.0011167
