0 0.615 0.703111 0.0160001 0.0426666 1
0 0.546973 0.68575 0.465413 0.6285 0.00387738
0 0.202296 0.258869 0.404592 0.517737 0.00326665
0 0.835382 0.76656 0.329236 0.466881 0.00307676
0 0.798709 0.286693 0.402582 0.573387 0.00300806
0 0.435466 0.714395 0.367954 0.57121 0.00275135
0 0.818023 0.207716 0.363954 0.415432 0.00274322
0 0.932602 0.792036 0.134797 0.415929 0.00272389
0 0.78324 0.336024 0.433521 0.672048 0.00270811
0 0.415884 0.239726 0.400884 0.479451 0.00269514
0 0.793715 0.716207 0.41257 0.567586 0.00263004
0 0.510185 0.233718 0.412819 0.467436 0.00257768
0 0.0395025 0.0599832 0.0790049 0.119966 0.00254918
0 0.969309 0.775087 0.061382 0.435287 0.00248026
0 0.230572 0.199883 0.356245 0.399765 0.00247755
0 0.636815 0.238979 0.388404 0.477958 0.00247252
0 0.631339 0.657664 0.506498 0.684673 0.0023943
0 0.693164 0.194569 0.414253 0.389138 0.00233984
0 0.774913 0.200599 0.438662 0.401198 0.00233751
0 0.832179 0.254971 0.335643 0.509942 0.00230297
0 0.736193 0.679438 0.470805 0.641125 0.00225661
0 0.844622 0.821787 0.310755 0.356425 0.00222572
0 0.79104 0.766351 0.417921 0.467298 0.00222091
0 0.927237 0.162341 0.145526 0.324682 0.00221364
0 0.939605 0.64956 0.12079 0.499002 0.00218589
0 0.799599 0.540039 0.203451 0.38959 0.00214603
0 0.939531 0.925595 0.120937 0.148809 0.00211985
0 0.83255 0.416855 0.334899 0.495629 0.00211912
0 0.21449 0.387192 0.369092 0.636842 0.00211638
0 0.921113 0.0724724 0.157773 0.144945 0.00210796
0 0.622583 0.850076 0.378621 0.299848 0.00210664
0 0.755494 0.288899 0.489013 0.577798 0.00209619
0 0.745037 0.412833 0.509925 0.825667 0.00209243
0 0.841739 0.913 0.235747 0.174001 0.00206137
0 0.935608 0.557946 0.128783 0.462222 0.00206133
0 0.865553 0.596881 0.268894 0.460468 0.00204902
0 0.672696 0.88217 0.342234 0.23566 0.00204454
0 0.306286 0.803012 0.209346 0.393977 0.00203322
0 0.878171 0.590624 0.243659 0.539871 0.00202919
0 0.0843345 0.898115 0.168669 0.203769 0.00202775
0 0.0716521 0.913416 0.143304 0.173169 0.00201713
0 0.881682 0.0591098 0.236637 0.11822 0.00200181
0 0.499568 0.823878 0.484319 0.352245 0.0019923
0 0.460449 0.623144 0.430838 0.753711 0.00198962
0 0.740762 0.508685 0.328759 0.549987 0.00198833
0 0.300838 0.56278 0.196016 0.586543 0.0019796
0 0.868018 0.935743 0.240704 0.128514 0.00197351
0 0.145066 0.389031 0.290131 0.606547 0.00196602
0 0.0984443 0.831778 0.196889 0.336445 0.00196485
0 0.938152 0.0855678 0.123696 0.171136 0.00196126
0 0.392472 0.8445 0.409519 0.311001 0.00196065
0 0.299498 0.448614 0.186868 0.587129 0.00195344
0 0.756519 0.895906 0.342012 0.208187 0.00194935
0 0.87283 0.139243 0.25434 0.278486 0.00194309
0 0.0584236 0.301458 0.116847 0.454381 0.0019387
0 0.295841 0.669595 0.195017 0.567901 0.00191863
0 0.798237 0.628924 0.403525 0.742152 0.00191857
0 0.186669 0.42962 0.193605 0.520422 0.0019166
0 0.846973 0.535689 0.167017 0.24042 0.0019036
0 0.737947 0.449496 0.438553 0.728352 0.00189729
0 0.0380439 0.0911277 0.0760878 0.182255 0.00187782
0 0.973437 0.694524 0.0531257 0.380739 0.00186723
0 0.805038 0.529031 0.117219 0.26549 0.00186546
0 0.557032 0.89142 0.323598 0.217159 0.00185847
0 0.0493342 0.897129 0.0986684 0.205743 0.0018578
0 0.685231 0.362253 0.545016 0.724505 0.00185293
0 0.887131 0.696921 0.225738 0.606158 0.00184819
0 0.226667 0.339489 0.425337 0.678978 0.00184682
0 0.824496 0.328401 0.351009 0.534794 0.0018456
0 0.124266 0.892129 0.211797 0.215741 0.00184203
0 0.115751 0.797491 0.220477 0.405017 0.00183883
0 0.0513038 0.922996 0.102608 0.154009 0.00183506
0 0.178881 0.337341 0.357762 0.674682 0.00183465
0 0.0854409 0.928394 0.170882 0.143212 0.00183396
0 0.811795 0.933783 0.236986 0.132434 0.00182878
0 0.0739555 0.822212 0.147911 0.355577 0.00182585
0 0.888183 0.455093 0.223634 0.44036 0.0018192
0 0.559051 0.322723 0.00983954 0.0170286 0.00181737
0 0.693799 0.490302 0.522974 0.898949 0.00181717
0 0.688107 0.621321 0.505587 0.757357 0.00181233
0 0.0792041 0.772324 0.158408 0.42878 0.00180857
0 0.0682821 0.359936 0.136564 0.377809 0.00180435
0 0.950383 0.151557 0.0992341 0.303115 0.00180081
0 0.112127 0.424272 0.18991 0.529277 0.0017994
0 0.151765 0.435225 0.179129 0.509868 0.00179764
0 0.350569 0.686627 0.112479 0.467266 0.00179563
0 0.219598 0.143093 0.319377 0.286186 0.00179325
0 0.598291 0.348058 0.542655 0.696115 0.00178983
0 0.818777 0.847393 0.362447 0.305215 0.00178131
0 0.339319 0.743141 0.123831 0.513719 0.00177484
0 0.918542 0.21323 0.162916 0.426461 0.00177419
0 0.33005 0.779252 0.156611 0.441496 0.00177362
0 0.809092 0.886424 0.362557 0.227151 0.00177143
0 0.506459 0.907774 0.304471 0.184451 0.00177123
0 0.792388 0.915831 0.203559 0.168338 0.00176648
0 0.313871 0.891151 0.209756 0.217699 0.00176628
0 0.943178 0.873101 0.113644 0.253798 0.00176616
0 0.877092 0.917257 0.245815 0.165486 0.00175796
0 0.274969 0.777353 0.197268 0.445293 0.00175679
0 0.332991 0.205776 0.376929 0.411553 0.00175648
0 0.251245 0.804373 0.207664 0.391254 0.00174907
0 0.445557 0.909766 0.277822 0.180469 0.00174706
0 0.147383 0.247824 0.294766 0.495648 0.001747
0 0.97282 0.580266 0.0543606 0.378215 0.00174652
0 0.253832 0.893267 0.201858 0.213467 0.00174365
0 0.902545 0.837522 0.194909 0.324955 0.00174237
0 0.251972 0.646267 0.183419 0.58765 0.00173753
0 0.678239 0.910656 0.289359 0.178688 0.00173682
0 0.633782 0.432909 0.53251 0.865818 0.00173214
0 0.249645 0.548902 0.172183 0.601256 0.00173024
0 0.637005 0.280782 0.52231 0.561564 0.00172604
0 0.063645 0.0616266 0.12729 0.123253 0.00172
0 0.944342 0.187261 0.111315 0.374521 0.00171608
0 0.451568 0.309032 0.437448 0.618065 0.00171599
0 0.31787 0.845549 0.180779 0.308901 0.00171166
0 0.83917 0.690505 0.32166 0.61899 0.00170959
0 0.87273 0.743285 0.25454 0.51343 0.00170854
0 0.581405 0.605945 0.495099 0.78811 0.00170682
0 0.0785021 0.659794 0.157004 0.405632 0.00170595
0 0.0705285 0.270458 0.141057 0.290511 0.00170254
0 0.0705335 0.453661 0.141067 0.354923 0.0017018
0 0.749982 0.40691 0.257399 0.481675 0.0017007
0 0.187882 0.893926 0.205293 0.212147 0.00170041
0 0.980025 0.63016 0.0399503 0.43366 0.00169019
0 0.181214 0.804487 0.208476 0.391027 0.00168665
0 0.743454 0.916235 0.215936 0.167529 0.00168474
0 0.0706631 0.558219 0.141326 0.368251 0.00168466
0 0.82352 0.642402 0.35296 0.715195 0.00168431
0 0.285034 0.836891 0.205022 0.326218 0.00167524
0 0.219278 0.388525 0.243203 0.571518 0.00167442
0 0.965119 0.206052 0.0697616 0.412105 0.00166771
0 0.331574 0.452873 0.177675 0.50066 0.00166696
0 0.827005 0.403687 0.315843 0.4397 0.00166418
0 0.070752 0.723155 0.141504 0.375342 0.00165809
0 0.335537 0.535038 0.152515 0.454347 0.00165592
0 0.144426 0.769023 0.204165 0.461954 0.00165115
0 0.107692 0.362906 0.215385 0.621916 0.00164879
0 0.0670681 0.209426 0.134136 0.30625 0.00164668
0 0.322268 0.714754 0.141616 0.497213 0.00164426
0 0.329962 0.645514 0.146822 0.495735 0.00164209
0 0.368411 0.0995681 0.313807 0.199136 0.001639
0 0.37189 0.32463 0.419427 0.649259 0.00162647
0 0.241761 0.253978 0.246929 0.507956 0.00162554
0 0.918965 0.895925 0.16207 0.208151 0.0016215
0 0.248726 0.447255 0.156382 0.561453 0.00162064
0 0.34291 0.419295 0.280544 0.698145 0.00161567
0 0.0490046 0.767059 0.0980092 0.325523 0.00161496
0 0.164249 0.129858 0.328499 0.259717 0.00161478
0 0.425582 0.583461 0.241386 0.451985 0.00161273
0 0.151397 0.839957 0.20856 0.320087 0.00161177
0 0.152996 0.926027 0.220714 0.147946 0.00160585
0 0.361162 0.578008 0.108465 0.33594 0.00160008
0 0.217262 0.841438 0.200301 0.317123 0.00159849
0 0.195258 0.0478259 0.231356 0.0956519 0.00159569
0 0.976081 0.50975 0.0478375 0.454564 0.00159493
0 0.553139 0.938116 0.253122 0.123768 0.00159185
0 0.347429 0.448388 0.164599 0.374314 0.00159009
0 0.0931379 0.71188 0.186276 0.466556 0.00158987
0 0.411512 0.47054 0.185047 0.281413 0.00158361
0 0.0343076 0.148611 0.0686151 0.282789 0.00158026
0 0.82114 0.0540097 0.240351 0.108019 0.00157769
0 0.0493702 0.654757 0.0987404 0.319284 0.00156805
0 0.970248 0.28427 0.0595048 0.479974 0.00156678
0 0.363188 0.487342 0.113226 0.263258 0.00156607
0 0.358415 0.900752 0.194182 0.198495 0.00156272
0 0.349732 0.0509406 0.235222 0.101881 0.00155632
0 0.535493 0.318529 0.487773 0.637057 0.00155512
0 0.106783 0.04674 0.213566 0.09348 0.00154759
0 0.215824 0.924989 0.219213 0.150022 0.00154554
0 0.415056 0.449846 0.290319 0.467232 0.00154523
0 0.0935152 0.59902 0.18703 0.449851 0.00154297
0 0.905158 0.937494 0.189684 0.125012 0.00153661
0 0.210313 0.774161 0.191677 0.451678 0.0015352
0 0.0494865 0.543388 0.0989731 0.317947 0.00153496
0 0.0489117 0.487114 0.0978234 0.315519 0.00153351
0 0.504198 0.549158 0.471068 0.898718 0.00152758
0 0.0480733 0.430435 0.0961465 0.310878 0.00151827
0 0.55389 0.325711 0.0141282 0.0190494 0.00150715
0 0.222191 0.528125 0.155165 0.568222 0.00150517
0 0.259494 0.049427 0.22921 0.0988541 0.00150279
0 0.0465817 0.373788 0.0931633 0.303605 0.00150056
0 0.818845 0.134754 0.33992 0.269509 0.00149907
0 0.143033 0.608996 0.201424 0.464601 0.00149535
0 0.662133 0.0489364 0.239564 0.0978729 0.00149369
0 0.722234 0.281918 0.0144706 0.0283454 0.00149022
0 0.0372523 0.207409 0.0745045 0.276708 0.00148841
0 0.636714 0.938315 0.256652 0.12337 0.00148573
0 0.226098 0.421758 0.181437 0.50395 0.00148406
0 0.205981 0.463198 0.151589 0.513681 0.00148346
0 0.75733 0.050436 0.237736 0.100872 0.00148249
0 0.96859 0.398373 0.0628201 0.466567 0.00147936
0 0.555819 0.414413 0.501985 0.828827 0.0014766
0 0.716292 0.269795 0.0123739 0.0286455 0.00147504
0 0.0443 0.31803 0.0886 0.295665 0.00147471
0 0.508924 0.0464439 0.230125 0.0928878 0.00147462
0 0.0921413 0.493303 0.184283 0.456261 0.00146282
0 0.0658087 0.150415 0.131617 0.30083 0.00146242
0 0.601814 0.0497124 0.236588 0.0994248 0.00146063
0 0.041315 0.263274 0.08263 0.286512 0.00145503
0 0.434712 0.936667 0.238089 0.126666 0.00144836
0 0.0874889 0.415834 0.174978 0.50977 0.00144734
0 0.111029 0.657309 0.20877 0.465828 0.00143902
0 0.412334 0.0474529 0.233264 0.0949059 0.00143372
0 0.280138 0.924628 0.221597 0.150744 0.00143185
0 0.700628 0.935576 0.2488 0.128849 0.00142654
0 0.178664 0.512172 0.172091 0.492159 0.00142448
0 0.145338 0.510119 0.19221 0.477125 0.00142241
0 0.598532 0.139058 0.315748 0.278116 0.00142005
0 0.198964 0.574681 0.164421 0.517702 0.00141421
0 0.111937 0.548543 0.206563 0.45698 0.00140981
0 0.560625 0.310545 0.011112 0.0186719 0.00140151
0 0.420693 0.443986 0.413827 0.745854 0.00140086
0 0.226276 0.666411 0.167312 0.556199 0.0013991
0 0.482981 0.463531 0.349919 0.485724 0.00139729
0 0.659375 0.141737 0.324634 0.283473 0.00139462
0 0.437542 0.120783 0.325964 0.241566 0.00139376
0 0.173726 0.731507 0.192214 0.495546 0.00138621
0 0.530145 0.130738 0.313152 0.261476 0.00138442
0 0.267043 0.123167 0.296508 0.246334 0.0013463
0 0.48688 0.937724 0.245231 0.124551 0.00134453
0 0.48625 0.43407 0.429925 0.797001 0.00134344
0 0.33879 0.925156 0.224752 0.149688 0.00133073
0 0.718645 0.134483 0.326729 0.268965 0.00132894
0 0.970199 0.464913 0.0596023 0.404103 0.0013136
0 0.238351 0.749721 0.177116 0.500558 0.00128323
0 0.305504 0.105643 0.307904 0.211285 0.00125002
0 0.553187 0.335544 0.0138043 0.0184019 0.00124958
0 0.716951 0.282043 0.013265 0.0244395 0.00124866
0 0.723691 0.273158 0.0167999 0.0308998 0.00121515
0 0.109367 0.123679 0.218733 0.247359 0.00121129
0 0.556377 0.336038 0.00959656 0.0190991 0.00108506
0 0.565048 0.407932 0.0101414 0.0247064 0.00107716
