0 0.56214 0.0533067 0.0171975 0.0384622 1
0 0.726917 0.333906 0.0692573 0.0919411 0.00420393
0 0.238678 0.679874 0.477356 0.640252 0.0029511
0 0.409899 0.678539 0.473629 0.642922 0.00285404
0 0.246488 0.228932 0.450331 0.457864 0.00270348
0 0.0389706 0.0587107 0.0779411 0.117421 0.00256404
0 0.313293 0.254248 0.461476 0.508496 0.00247192
0 0.930105 0.792579 0.13979 0.414842 0.00244917
0 0.200382 0.208198 0.400764 0.416397 0.00242715
0 0.530585 0.686761 0.184547 0.46649 0.00238323
0 0.506361 0.265483 0.41391 0.530966 0.00235469
0 0.937386 0.718798 0.125228 0.562403 0.00231831
0 0.543274 0.703397 0.299727 0.593207 0.0023073
0 0.604728 0.696618 0.435422 0.606765 0.00230336
0 0.522001 0.710275 0.418631 0.57945 0.00229917
0 0.961469 0.771586 0.0770621 0.433934 0.00228822
0 0.553876 0.225812 0.428999 0.451624 0.00228151
0 0.145426 0.760686 0.290852 0.478629 0.00226936
0 0.86124 0.796355 0.277521 0.407291 0.00223972
0 0.771469 0.802385 0.38802 0.39523 0.00222501
0 0.779931 0.0958856 0.330588 0.191771 0.00221868
0 0.446146 0.557927 0.282493 0.581222 0.0022085
0 0.474694 0.541713 0.375663 0.709165 0.0022063
0 0.728896 0.320163 0.0169324 0.0245728 0.00219707
0 0.201041 0.730839 0.402082 0.538323 0.00219119
0 0.409802 0.275313 0.428797 0.550626 0.00218572
0 0.938391 0.0655799 0.123219 0.13116 0.00216658
0 0.862371 0.130349 0.275258 0.260698 0.00215637
0 0.620278 0.185524 0.405024 0.371049 0.00215484
0 0.973413 0.640775 0.0531746 0.386238 0.00214451
0 0.134474 0.856341 0.268949 0.287318 0.00213791
0 0.912691 0.0547087 0.174618 0.109417 0.00212908
0 0.972073 0.705691 0.0558545 0.404773 0.0021194
0 0.146544 0.843676 0.293088 0.312647 0.00211105
0 0.689081 0.76446 0.421237 0.471079 0.00211044
0 0.791637 0.139805 0.416725 0.27961 0.00209848
0 0.517842 0.522558 0.4708 0.836401 0.00208672
0 0.815002 0.471425 0.369997 0.723533 0.00208595
0 0.385853 0.457737 0.486613 0.874971 0.00205435
0 0.600148 0.848774 0.382851 0.302451 0.00205203
0 0.523253 0.6435 0.358144 0.65263 0.00204103
0 0.718375 0.0918657 0.356449 0.183731 0.00203805
0 0.935032 0.573997 0.129936 0.400298 0.0020359
0 0.600073 0.74147 0.273506 0.517059 0.00203532
0 0.940102 0.911989 0.119796 0.176022 0.00202988
0 0.758437 0.170672 0.483126 0.341344 0.00199594
0 0.845943 0.878563 0.188968 0.242873 0.00199036
0 0.833474 0.116322 0.333053 0.232645 0.00198709
0 0.877926 0.846764 0.244149 0.306472 0.00198698
0 0.31516 0.630516 0.523661 0.738967 0.00198635
0 0.920517 0.841351 0.158966 0.317298 0.00197848
0 0.678559 0.120149 0.396121 0.240299 0.00197684
0 0.410014 0.841645 0.415709 0.316711 0.00197341
0 0.178487 0.678275 0.356975 0.64345 0.00197299
0 0.882345 0.868332 0.204228 0.263336 0.00196761
0 0.640128 0.757226 0.431652 0.485549 0.00196418
0 0.0951162 0.894847 0.190232 0.210305 0.0019621
0 0.780986 0.848844 0.278964 0.302312 0.00196049
0 0.21775 0.831262 0.435499 0.337476 0.00195621
0 0.0860621 0.93027 0.172124 0.139461 0.00195353
0 0.812284 0.885852 0.180631 0.228296 0.0019479
0 0.860132 0.454088 0.279736 0.459834 0.00193898
0 0.87564 0.0526722 0.24872 0.105344 0.00193018
0 0.779963 0.887309 0.183289 0.225381 0.00192707
0 0.850974 0.571159 0.298053 0.509897 0.0019171
0 0.620656 0.462879 0.485384 0.859298 0.00191484
0 0.721373 0.157444 0.498027 0.314888 0.00190903
0 0.707332 0.825284 0.368613 0.349432 0.00189201
0 0.722797 0.332439 0.030134 0.0520681 0.00188878
0 0.612069 0.923643 0.250543 0.152714 0.00188841
0 0.701381 0.87003 0.233602 0.259939 0.00188551
0 0.746051 0.883447 0.188357 0.233106 0.00188539
0 0.503075 0.37937 0.47385 0.75874 0.00188272
0 0.0871903 0.846597 0.174381 0.306806 0.00187258
0 0.821047 0.394011 0.357906 0.568693 0.00187187
0 0.0644156 0.0613913 0.128831 0.122783 0.00187125
0 0.789811 0.344773 0.420377 0.689545 0.00186904
0 0.247916 0.316748 0.495832 0.633497 0.00186336
0 0.87216 0.7032 0.25568 0.576332 0.00184783
0 0.119935 0.930977 0.234954 0.138047 0.00183726
0 0.440703 0.328825 0.473571 0.65765 0.00183318
0 0.423473 0.880338 0.332188 0.239324 0.00183308
0 0.589552 0.936661 0.229887 0.126678 0.00183112
0 0.763438 0.235942 0.473124 0.471884 0.00182791
0 0.223543 0.914335 0.291715 0.17133 0.00182762
0 0.570983 0.39561 0.54658 0.791221 0.00182393
0 0.942091 0.134811 0.115818 0.269622 0.0018238
0 0.302587 0.891964 0.33062 0.216072 0.00182258
0 0.108028 0.551278 0.216055 0.548209 0.00180422
0 0.0475925 0.910286 0.095185 0.179427 0.00180021
0 0.947189 0.296823 0.105623 0.488164 0.00179427
0 0.757705 0.914171 0.19154 0.171658 0.00178212
0 0.0983461 0.392964 0.196692 0.560898 0.00178043
0 0.918377 0.891257 0.163246 0.217485 0.00177878
0 0.315005 0.427224 0.491578 0.854448 0.00177753
0 0.675213 0.409629 0.49426 0.819257 0.00177386
0 0.692529 0.921461 0.204764 0.157077 0.00177315
0 0.651561 0.93581 0.226152 0.128381 0.00176786
0 0.785315 0.532296 0.42937 0.915589 0.00176785
0 0.969095 0.530135 0.0618103 0.362372 0.00176546
0 0.509682 0.861346 0.420062 0.277309 0.00176289
0 0.0722698 0.450642 0.14454 0.279306 0.00174756
0 0.673686 0.24135 0.501113 0.482699 0.00174299
0 0.883552 0.905714 0.206071 0.188572 0.0017376
0 0.977368 0.572955 0.0452645 0.457918 0.00173367
0 0.36022 0.881625 0.343291 0.23675 0.00173323
0 0.712207 0.244359 0.504152 0.390885 0.00172313
0 0.35698 0.730908 0.515971 0.538183 0.00172296
0 0.0800245 0.56059 0.160049 0.29958 0.00172295
0 0.0322143 0.116593 0.0644286 0.233186 0.00171786
0 0.0752331 0.506475 0.150466 0.290818 0.00171501
0 0.0380101 0.0880105 0.0760202 0.176021 0.00171391
0 0.266006 0.549208 0.503343 0.901584 0.00170525
0 0.843262 0.717384 0.313475 0.565232 0.00170461
0 0.819628 0.0514214 0.239979 0.102843 0.00170408
0 0.354129 0.366291 0.488535 0.732583 0.00170192
0 0.0271052 0.14333 0.0542103 0.286661 0.00169127
0 0.94345 0.866854 0.1131 0.266291 0.00168941
0 0.36023 0.938679 0.255114 0.122642 0.00168122
0 0.587499 0.239179 0.54719 0.478357 0.00167796
0 0.0730199 0.393393 0.14604 0.277568 0.00167541
0 0.530765 0.281299 0.563404 0.562598 0.001673
0 0.546993 0.922104 0.257885 0.155791 0.00166568
0 0.0859021 0.608236 0.171804 0.302818 0.00166363
0 0.630642 0.324194 0.535577 0.648389 0.00166163
0 0.955131 0.187405 0.089737 0.37481 0.0016608
0 0.488476 0.901758 0.301879 0.196484 0.0016592
0 0.18075 0.928851 0.253043 0.142297 0.0016585
0 0.0910859 0.787451 0.182172 0.314837 0.00165249
0 0.0252188 0.770206 0.0504376 0.263957 0.00165228
0 0.961711 0.466013 0.0765784 0.382702 0.00165109
0 0.909483 0.405548 0.181034 0.439906 0.00164913
0 0.1244 0.298299 0.2488 0.596598 0.00164773
0 0.302853 0.828399 0.485776 0.343201 0.00164173
0 0.0258275 0.592825 0.0516551 0.267819 0.00164143
0 0.451876 0.937602 0.255319 0.124797 0.00164077
0 0.195177 0.297628 0.390354 0.595256 0.0016377
0 0.945491 0.389441 0.109018 0.489239 0.00163686
0 0.0291862 0.830311 0.0583724 0.284267 0.00163366
0 0.906942 0.127359 0.186115 0.254718 0.00162862
0 0.135767 0.603409 0.271533 0.565078 0.00162507
0 0.717505 0.933749 0.217118 0.132501 0.0016246
0 0.0240991 0.650801 0.0481983 0.260515 0.00161711
0 0.825764 0.246763 0.348473 0.493526 0.00161458
0 0.094109 0.718195 0.188218 0.304837 0.00161406
0 0.0911332 0.661921 0.182266 0.29841 0.00161237
0 0.410533 0.572682 0.517948 0.772881 0.00161099
0 0.645746 0.178785 0.507437 0.357569 0.00160902
0 0.0268593 0.483824 0.0537187 0.269903 0.00160621
0 0.0266228 0.538748 0.0532455 0.272062 0.00160446
0 0.726414 0.324724 0.0189974 0.0355815 0.00160106
0 0.779023 0.930176 0.220149 0.139649 0.00159572
0 0.955392 0.445879 0.0892166 0.48398 0.00159159
0 0.0252631 0.375879 0.0505262 0.258905 0.00159093
0 0.239211 0.939427 0.24348 0.121147 0.00158727
0 0.934927 0.32742 0.130145 0.40167 0.00158618
0 0.0227959 0.709691 0.0455918 0.257486 0.00157509
0 0.668892 0.563345 0.429406 0.772324 0.00157494
0 0.724393 0.32427 0.0853028 0.109338 0.00157085
0 0.599619 0.043767 0.239311 0.087534 0.00156929
0 0.731552 0.542772 0.446623 0.856621 0.00156918
0 0.0236901 0.199616 0.0473803 0.277539 0.0015681
0 0.0266208 0.428979 0.0532416 0.263524 0.00156699
0 0.0237571 0.321479 0.0475142 0.260058 0.0015612
0 0.806323 0.165327 0.387355 0.330653 0.00155879
0 0.7594 0.0457454 0.233381 0.0914908 0.00153283
0 0.661737 0.0390933 0.240071 0.0781865 0.00153235
0 0.161238 0.357033 0.322476 0.714065 0.00152589
0 0.194545 0.0512337 0.239048 0.102467 0.00152247
0 0.0233915 0.261323 0.046783 0.269286 0.00152072
0 0.255047 0.13513 0.338035 0.270261 0.00152042
0 0.109852 0.0533744 0.219704 0.106749 0.00150904
0 0.841677 0.928554 0.22217 0.142891 0.00150717
0 0.513077 0.935405 0.252153 0.12919 0.00150273
0 0.745138 0.40212 0.482399 0.766365 0.00150122
0 0.255074 0.0514274 0.241763 0.102855 0.00149938
0 0.760317 0.298787 0.479366 0.533617 0.00149813
0 0.17788 0.529137 0.355761 0.81772 0.00149752
0 0.538978 0.0436493 0.236834 0.0872986 0.00149456
0 0.596573 0.595622 0.436102 0.698187 0.0014918
0 0.910818 0.925961 0.178365 0.148078 0.00149119
0 0.318772 0.0498277 0.24013 0.0996555 0.00148719
0 0.0772997 0.330974 0.154599 0.284439 0.00148659
0 0.824859 0.665559 0.350282 0.559243 0.00148441
0 0.773793 0.748981 0.385676 0.502038 0.00147871
0 0.293023 0.938808 0.264944 0.122383 0.00147703
0 0.474007 0.0455565 0.240282 0.091113 0.00146944
0 0.316473 0.143914 0.333171 0.287827 0.00146524
0 0.0338862 0.879301 0.0677724 0.241399 0.00146504
0 0.725784 0.333009 0.0228832 0.0448341 0.00146271
0 0.942013 0.20337 0.115973 0.40674 0.00144395
0 0.0785342 0.188349 0.157068 0.331484 0.00144304
0 0.684265 0.668451 0.39383 0.66246 0.00142548
0 0.859112 0.0872699 0.281777 0.17454 0.00142293
0 0.382625 0.0472005 0.23899 0.094401 0.00140394
0 0.158318 0.445473 0.316637 0.76859 0.0013987
0 0.0775006 0.26269 0.155001 0.296948 0.00139321
0 0.714584 0.721222 0.394301 0.557556 0.00137789
0 0.610496 0.692243 0.352324 0.576685 0.00137591
0 0.378627 0.144234 0.321081 0.288469 0.0013676
0 0.162465 0.613864 0.32493 0.772272 0.0013657
0 0.191693 0.134321 0.334716 0.268643 0.00136468
0 0.14897 0.939068 0.234095 0.121864 0.00136226
0 0.235456 0.403247 0.459607 0.806494 0.00134464
0 0.125039 0.181583 0.250078 0.363166 0.00133858
0 0.212711 0.464756 0.425422 0.839613 0.00133579
0 0.0859284 0.146686 0.171857 0.293372 0.00133316
0 0.770279 0.674989 0.421607 0.650022 0.00132843
0 0.14028 0.12561 0.28056 0.251219 0.00131681
0 0.504624 0.117302 0.328402 0.234605 0.00131137
0 0.444466 0.137899 0.326404 0.275798 0.0012465
0 0.596593 0.0962125 0.320707 0.192425 0.00124094
0 0.651725 0.0969977 0.312817 0.193995 0.00118974
0 0.813891 0.0635042 0.314355 0.127008 0.00118499
0 0.728861 0.313166 0.0175778 0.0252736 0.00116248
0 0.749969 0.0676015 0.311818 0.135203 0.00110772
0 0.48664 0.53809 0.0163216 0.0271496 0.00106466
