0 0.414 0.454444 0.01125 0.019111 1
0 0.842 0.459111 0.0127501 0.0142223 1
0 0.474484 0.296804 0.0141465 0.0212841 0.00557941
0 0.837285 0.217809 0.32543 0.435618 0.00327805
0 0.212695 0.179145 0.425389 0.358289 0.00321105
0 0.284126 0.214123 0.425865 0.428246 0.0030627
0 0.401502 0.223642 0.436416 0.447285 0.00300823
0 0.878165 0.196678 0.24367 0.393356 0.00298039
0 0.490139 0.668056 0.517964 0.663888 0.00290508
0 0.406089 0.785815 0.366964 0.428369 0.00289038
0 0.475233 0.301666 0.0151036 0.0287281 0.0027653
0 0.608103 0.677325 0.521858 0.645351 0.00266564
0 0.876948 0.820134 0.236943 0.359733 0.00264635
0 0.125661 0.878978 0.251322 0.242044 0.00261681
0 0.463282 0.730097 0.419196 0.539807 0.00259604
0 0.474995 0.307913 0.0142922 0.0240651 0.00259534
0 0.32449 0.786316 0.356313 0.427368 0.00254241
0 0.0390518 0.0571373 0.0781036 0.114275 0.00250536
0 0.373383 0.818008 0.336728 0.363983 0.00249566
0 0.0912853 0.903601 0.182571 0.192797 0.00245909
0 0.931333 0.789426 0.137333 0.421149 0.0024578
0 0.799353 0.758081 0.401294 0.483838 0.00243856
0 0.793802 0.224907 0.403813 0.449814 0.00235817
0 0.943043 0.165992 0.113913 0.331984 0.00234206
0 0.752383 0.685476 0.46158 0.629049 0.00233769
0 0.473992 0.280533 0.0116138 0.0164136 0.00232659
0 0.32868 0.832844 0.285248 0.334311 0.00232498
0 0.10074 0.932781 0.201481 0.134437 0.00229676
0 0.943997 0.441999 0.112006 0.506109 0.00224331
0 0.945526 0.219576 0.108949 0.439153 0.00224261
0 0.244723 0.727645 0.434848 0.544709 0.00224238
0 0.143742 0.718388 0.287484 0.563225 0.00223935
0 0.703004 0.248979 0.406734 0.497958 0.00222354
0 0.130817 0.934296 0.190517 0.131408 0.00221993
0 0.834482 0.841767 0.291778 0.316467 0.00221845
0 0.280845 0.837122 0.267089 0.325757 0.00220912
0 0.145685 0.88864 0.273479 0.222719 0.00220152
0 0.389161 0.298391 0.506903 0.596781 0.00219984
0 0.947724 0.584672 0.104552 0.488054 0.00216935
0 0.906005 0.815484 0.18799 0.369031 0.00214994
0 0.922442 0.0688442 0.155116 0.137688 0.00214697
0 0.828537 0.284812 0.342926 0.569624 0.00212913
0 0.214023 0.885714 0.188625 0.228572 0.00212044
0 0.939164 0.0822341 0.121671 0.164468 0.00211344
0 0.941736 0.301697 0.116529 0.482844 0.00210488
0 0.946754 0.722105 0.106493 0.502957 0.00210167
0 0.962123 0.767597 0.0757546 0.438893 0.00208621
0 0.0985809 0.832874 0.197162 0.334252 0.00208505
0 0.786348 0.818416 0.385803 0.363167 0.00208107
0 0.2553 0.879784 0.160672 0.240433 0.00205891
0 0.940605 0.910894 0.11879 0.178211 0.00203311
0 0.647103 0.600919 0.536029 0.655602 0.00201708
0 0.28184 0.869636 0.172488 0.260727 0.0020109
0 0.635568 0.829295 0.466771 0.341411 0.00200105
0 0.689067 0.715636 0.484326 0.568727 0.00199043
0 0.208349 0.676095 0.416698 0.647809 0.00196725
0 0.762962 0.855884 0.329805 0.288231 0.0019626
0 0.610714 0.374285 0.445338 0.74857 0.00196237
0 0.202504 0.793727 0.405008 0.412547 0.00196226
0 0.197706 0.928934 0.180045 0.142131 0.00195956
0 0.562011 0.632481 0.521795 0.735038 0.0019541
0 0.195524 0.741029 0.391047 0.517943 0.0019539
0 0.607591 0.880598 0.361292 0.238804 0.00193951
0 0.974812 0.463956 0.0503761 0.359211 0.0019291
0 0.514849 0.228386 0.396401 0.456772 0.0019035
0 0.875773 0.14288 0.248454 0.285761 0.001894
0 0.858549 0.778582 0.282903 0.442836 0.00189127
0 0.240711 0.250726 0.481423 0.501451 0.00188491
0 0.872947 0.853461 0.218678 0.293078 0.00188109
0 0.974346 0.577675 0.051308 0.355851 0.00187757
0 0.539054 0.731979 0.510644 0.536042 0.00187661
0 0.171244 0.705025 0.342487 0.58995 0.00187255
0 0.439365 0.318364 0.531583 0.636729 0.00186326
0 0.972204 0.705079 0.0555926 0.403359 0.0018587
0 0.232654 0.922367 0.1753 0.155267 0.00185862
0 0.980036 0.524932 0.0399271 0.414771 0.00183958
0 0.696509 0.437039 0.424278 0.699665 0.00183473
0 0.443963 0.836641 0.49622 0.326719 0.00183092
0 0.669995 0.889008 0.331127 0.221983 0.00183048
0 0.97363 0.641273 0.0527397 0.376697 0.00182946
0 0.047026 0.914307 0.0940521 0.171385 0.00182252
0 0.149607 0.386603 0.299215 0.698639 0.0018196
0 0.52623 0.418107 0.504764 0.836215 0.00181749
0 0.0728738 0.937913 0.145748 0.124174 0.00181031
0 0.0650882 0.0596465 0.130176 0.119293 0.00180416
0 0.600605 0.460334 0.480859 0.885529 0.00179661
0 0.17193 0.541461 0.343859 0.814273 0.0017954
0 0.0371803 0.0856497 0.0743607 0.171299 0.00179138
0 0.503639 0.923147 0.289247 0.153706 0.00178187
0 0.555408 0.898632 0.335523 0.202737 0.00177491
0 0.969637 0.201544 0.060726 0.403088 0.00177384
0 0.0222991 0.764664 0.0445983 0.269352 0.00177101
0 0.303816 0.580822 0.476685 0.838357 0.00177071
0 0.20574 0.225317 0.41148 0.450634 0.00176905
0 0.0243992 0.831209 0.0487984 0.28571 0.00176629
0 0.31923 0.692415 0.437288 0.61517 0.00175894
0 0.144332 0.635914 0.288665 0.65887 0.00175579
0 0.918447 0.891296 0.163107 0.217407 0.00175574
0 0.0292197 0.112584 0.0584393 0.225167 0.00175564
0 0.263628 0.916149 0.178188 0.167702 0.00175518
0 0.884699 0.0576988 0.230603 0.115398 0.00175252
0 0.294564 0.439455 0.5196 0.866591 0.00174857
0 0.375765 0.848367 0.417198 0.303266 0.0017464
0 0.304067 0.298686 0.49315 0.597372 0.0017412
0 0.662605 0.325299 0.440761 0.650598 0.00173791
0 0.637367 0.938108 0.266151 0.123783 0.00173476
0 0.133675 0.507303 0.267349 0.613557 0.0017323
0 0.847122 0.906632 0.211098 0.186737 0.00173013
0 0.211817 0.355142 0.423635 0.710285 0.00172708
0 0.679165 0.584771 0.507102 0.830459 0.00172625
0 0.844807 0.453061 0.310386 0.753801 0.00171843
0 0.9743 0.35102 0.0513995 0.377098 0.00171633
0 0.792678 0.67277 0.414643 0.65446 0.0017152
0 0.812441 0.912566 0.22361 0.174868 0.00171505
0 0.410264 0.405219 0.542936 0.810439 0.00171249
0 0.979925 0.408694 0.0401506 0.429583 0.00170508
0 0.0961477 0.770693 0.192295 0.312296 0.00170452
0 0.944382 0.86716 0.111236 0.265679 0.0017029
0 0.924328 0.129099 0.151343 0.258199 0.00169755
0 0.413565 0.144533 0.33899 0.289066 0.00169443
0 0.244198 0.373422 0.488396 0.746843 0.0016903
0 0.318792 0.912251 0.203463 0.175498 0.00168668
0 0.832536 0.637687 0.334927 0.724625 0.00167612
0 0.558212 0.819362 0.499601 0.361275 0.00166307
0 0.762184 0.912833 0.264823 0.174335 0.00166158
0 0.842826 0.717166 0.314348 0.565667 0.0016585
0 0.214111 0.46401 0.397557 0.511567 0.00165457
0 0.877014 0.619115 0.245973 0.64328 0.00164611
0 0.90217 0.754461 0.195661 0.491078 0.00164075
0 0.164051 0.620415 0.328103 0.759169 0.00163928
0 0.793361 0.534061 0.413277 0.864032 0.00163806
0 0.578548 0.938429 0.259798 0.123142 0.00163753
0 0.158022 0.224716 0.316044 0.449431 0.00163471
0 0.888916 0.704323 0.222168 0.591354 0.0016328
0 0.400729 0.723022 0.409954 0.553956 0.00163172
0 0.976515 0.232168 0.0469706 0.464336 0.00163011
0 0.172858 0.435392 0.345717 0.480803 0.00162398
0 0.350491 0.135496 0.341067 0.270993 0.00161156
0 0.167319 0.401407 0.334637 0.802814 0.00161056
0 0.024219 0.145514 0.048438 0.266682 0.00160934
0 0.360373 0.458868 0.509605 0.765066 0.00159667
0 0.809594 0.36023 0.380813 0.72046 0.00159439
0 0.028105 0.884455 0.0562099 0.231089 0.00158852
0 0.243606 0.555043 0.487211 0.858191 0.00158843
0 0.179622 0.262434 0.359244 0.524868 0.0015875
0 0.377739 0.591563 0.474723 0.816875 0.00158738
0 0.725658 0.518143 0.526979 0.854992 0.0015831
0 0.376401 0.92199 0.225481 0.156021 0.00158048
0 0.519255 0.939072 0.243623 0.121857 0.0015762
0 0.0217212 0.267871 0.0434424 0.252853 0.00157317
0 0.217753 0.136993 0.334008 0.273985 0.00157183
0 0.381528 0.0502462 0.239814 0.100492 0.00156558
0 0.43281 0.560769 0.500099 0.878462 0.00155968
0 0.445886 0.0540383 0.237418 0.108077 0.00155529
0 0.0244778 0.490884 0.0489557 0.265741 0.00154768
0 0.531091 0.564357 0.506546 0.871287 0.00154498
0 0.0879441 0.713472 0.175888 0.308583 0.00154375
0 0.0217687 0.321471 0.0435375 0.257744 0.00154346
0 0.284576 0.138584 0.333068 0.277169 0.00154153
0 0.0219898 0.209767 0.0439797 0.250928 0.00154107
0 0.195364 0.286222 0.390727 0.572444 0.00153583
0 0.0237161 0.540017 0.0474321 0.262795 0.00152796
0 0.92709 0.92035 0.145819 0.159299 0.00152655
0 0.0767093 0.39555 0.153419 0.296836 0.00152449
0 0.318565 0.0471571 0.236806 0.0943143 0.00152194
0 0.462476 0.927442 0.244827 0.145116 0.00151724
0 0.0230498 0.374679 0.0460996 0.262137 0.00150981
0 0.193731 0.0478451 0.237725 0.0956901 0.001508
0 0.763346 0.438497 0.473308 0.793655 0.00150542
0 0.696558 0.936632 0.262775 0.126735 0.00150525
0 0.249611 0.93216 0.21689 0.13568 0.00150519
0 0.0209607 0.704022 0.0419213 0.26674 0.00150298
0 0.48862 0.281127 0.498572 0.562253 0.00150279
0 0.0244607 0.434134 0.0489214 0.267521 0.00150101
0 0.22946 0.424446 0.453016 0.719649 0.00149999
0 0.0878595 0.337326 0.175719 0.282456 0.00148497
0 0.128362 0.0503261 0.247079 0.100652 0.00148321
0 0.0228296 0.590483 0.0456591 0.26489 0.00148175
0 0.0757106 0.452968 0.151421 0.304524 0.00147902
0 0.782678 0.317712 0.434644 0.635423 0.00147011
0 0.820202 0.0508741 0.23911 0.101748 0.00146865
0 0.257176 0.0460478 0.23298 0.0920956 0.00146411
0 0.0216545 0.647126 0.0433091 0.26657 0.00144548
0 0.756193 0.050655 0.235916 0.10131 0.00143905
0 0.50905 0.05375 0.235402 0.1075 0.00142878
0 0.0890878 0.203782 0.178176 0.294781 0.00142729
0 0.129102 0.173512 0.258203 0.347023 0.00142403
0 0.772798 0.935221 0.23557 0.129558 0.00141569
0 0.0664438 0.657766 0.132888 0.299009 0.0014145
0 0.839721 0.931379 0.224478 0.137242 0.0014135
0 0.895171 0.929301 0.209658 0.141398 0.0014062
0 0.0905404 0.139586 0.181081 0.279171 0.00140458
0 0.163011 0.133676 0.326022 0.267351 0.00140332
0 0.0909422 0.275253 0.181884 0.26909 0.00140275
0 0.662947 0.0519865 0.239037 0.103973 0.00139589
0 0.0734125 0.506855 0.146825 0.295504 0.00139204
0 0.710721 0.355893 0.468471 0.711786 0.00138838
0 0.3401 0.933804 0.228245 0.132393 0.00138202
0 0.0584891 0.555125 0.116978 0.277028 0.00138024
0 0.818184 0.130199 0.335782 0.260398 0.00137744
0 0.613652 0.254899 0.397893 0.509797 0.0013578
0 0.0500077 0.602689 0.100015 0.27714 0.00135469
0 0.094903 0.053227 0.189806 0.106454 0.00134412
0 0.74417 0.108689 0.315089 0.217378 0.00134236
0 0.489881 0.149436 0.297249 0.298872 0.00132405
0 0.602068 0.0514049 0.237591 0.10281 0.00130817
0 0.684193 0.110819 0.31755 0.221639 0.00126558
0 0.399439 0.937905 0.233805 0.12419 0.00122186
0 0.475346 0.288889 0.0143912 0.02747 0.00119963
0 0.62411 0.154027 0.316226 0.308054 0.00109227
0 0.550939 0.163164 0.295192 0.326327 0.00107528
