0 0.633625 0.577778 0.0225 0.0293333 1
0 0.831642 0.227665 0.336716 0.455331 0.00329667
0 0.289356 0.235546 0.431864 0.471093 0.0028995
0 0.753421 0.173557 0.406119 0.347114 0.0028286
0 0.646976 0.183275 0.428538 0.366551 0.00276062
0 0.800442 0.201882 0.399117 0.403763 0.0027039
0 0.944841 0.171018 0.110317 0.342036 0.00267845
0 0.453072 0.660754 0.514014 0.678492 0.00263574
0 0.0391431 0.0612096 0.0782862 0.122419 0.00263551
0 0.940725 0.4545 0.118551 0.53917 0.00258405
0 0.266373 0.666677 0.532746 0.666647 0.00253084
0 0.757746 0.817792 0.217337 0.364416 0.00251676
0 0.364808 0.238156 0.408051 0.476313 0.00248363
0 0.732717 0.813263 0.28654 0.373474 0.00246226
0 0.140613 0.724754 0.281226 0.550493 0.00243249
0 0.476301 0.258095 0.399903 0.51619 0.00241914
0 0.964374 0.400927 0.0712527 0.452691 0.00240699
0 0.219945 0.204503 0.439891 0.409006 0.0024035
0 0.487721 0.170733 0.387962 0.341465 0.00236918
0 0.588567 0.69623 0.444018 0.60754 0.00234546
0 0.972063 0.451254 0.0558736 0.436249 0.00228433
0 0.563981 0.852591 0.392898 0.294818 0.00226559
0 0.155924 0.693895 0.311848 0.612209 0.00224094
0 0.376288 0.42815 0.508491 0.856301 0.00224054
0 0.695676 0.78153 0.37056 0.43694 0.00220864
0 0.137114 0.834809 0.274229 0.330382 0.00220746
0 0.948389 0.770004 0.103223 0.445994 0.00219834
0 0.360605 0.657777 0.556525 0.684446 0.0021747
0 0.67709 0.862054 0.236828 0.275893 0.002153
0 0.923408 0.0652147 0.153185 0.130429 0.00215258
0 0.812266 0.308477 0.375469 0.616954 0.00215179
0 0.174923 0.632753 0.349846 0.734493 0.00215138
0 0.109461 0.922455 0.218923 0.155089 0.00212334
0 0.944289 0.604057 0.111422 0.521725 0.00211792
0 0.613189 0.133406 0.367585 0.266812 0.00211676
0 0.784444 0.791144 0.223543 0.417711 0.00211522
0 0.939428 0.916136 0.121143 0.167728 0.00210605
0 0.494378 0.634215 0.416301 0.654406 0.00209076
0 0.504973 0.0953473 0.370037 0.190695 0.0020895
0 0.729007 0.842991 0.241834 0.314018 0.00208366
0 0.927637 0.798121 0.144726 0.403759 0.00207938
0 0.234749 0.325394 0.469498 0.650789 0.00206522
0 0.658134 0.732735 0.410443 0.53453 0.00205541
0 0.268804 0.878429 0.351341 0.243142 0.00204458
0 0.356344 0.359863 0.537698 0.719726 0.00204095
0 0.878279 0.140323 0.243442 0.280645 0.00203569
0 0.948443 0.369711 0.103115 0.422255 0.00203553
0 0.18023 0.245437 0.36046 0.490874 0.00203394
0 0.677247 0.836051 0.348622 0.327898 0.00202438
0 0.939971 0.0774681 0.120058 0.154936 0.00201121
0 0.8918 0.534158 0.216401 0.590293 0.002005
0 0.585162 0.384148 0.483176 0.768296 0.00199621
0 0.806936 0.802301 0.192843 0.395398 0.00199547
0 0.840854 0.287443 0.318292 0.574886 0.00198299
0 0.118776 0.88291 0.237552 0.23418 0.00197691
0 0.729878 0.858808 0.186294 0.282383 0.00197406
0 0.542841 0.675095 0.256208 0.357019 0.00197247
0 0.637206 0.798617 0.408289 0.402765 0.00196393
0 0.865119 0.791086 0.224853 0.417828 0.00194861
0 0.245522 0.811108 0.491045 0.377784 0.00194556
0 0.063635 0.0639425 0.12727 0.127885 0.00194503
0 0.879588 0.400606 0.211488 0.327058 0.00194345
0 0.135486 0.64443 0.270973 0.588861 0.00193229
0 0.970569 0.708007 0.058861 0.41901 0.00192996
0 0.662464 0.923273 0.205088 0.153455 0.00192428
0 0.0331302 0.120732 0.0662605 0.241464 0.00191793
0 0.368224 0.829962 0.486873 0.340077 0.00191746
0 0.263315 0.300184 0.526631 0.600368 0.00191684
0 0.940834 0.211155 0.118331 0.422311 0.00191469
0 0.880203 0.612572 0.239594 0.603499 0.00191268
0 0.70093 0.915608 0.190087 0.168783 0.00190531
0 0.614253 0.925858 0.240278 0.148285 0.0019046
0 0.974084 0.573064 0.0518317 0.37356 0.00189769
0 0.68919 0.430897 0.460997 0.861793 0.00188744
0 0.747791 0.403896 0.475189 0.807793 0.00187436
0 0.586192 0.691532 0.237476 0.335375 0.00187326
0 0.935694 0.358943 0.128611 0.338946 0.0018621
0 0.105122 0.821563 0.210244 0.356874 0.00186021
0 0.204598 0.826079 0.409196 0.347841 0.00185913
0 0.659783 0.566621 0.213796 0.203288 0.00185863
0 0.604883 0.257269 0.494488 0.514538 0.00185565
0 0.0880049 0.938245 0.17601 0.123509 0.00185528
0 0.973397 0.639656 0.0532052 0.389401 0.0018547
0 0.784153 0.374837 0.431694 0.749673 0.00185176
0 0.890729 0.800247 0.218541 0.399506 0.00184449
0 0.22736 0.730224 0.454719 0.539552 0.00184442
0 0.731207 0.907649 0.190478 0.184703 0.00184055
0 0.873232 0.343398 0.226953 0.280441 0.00183817
0 0.91488 0.4449 0.17024 0.458019 0.00183766
0 0.830864 0.770633 0.196784 0.458735 0.00183521
0 0.39502 0.915321 0.311741 0.169357 0.00183383
0 0.355952 0.894088 0.332499 0.211824 0.00183364
0 0.88446 0.0563332 0.23108 0.112666 0.00183352
0 0.842924 0.389527 0.211802 0.255434 0.00183302
0 0.250475 0.389795 0.500949 0.77959 0.0018259
0 0.628889 0.596471 0.181676 0.166143 0.00182485
0 0.53099 0.412551 0.455491 0.825102 0.00182332
0 0.679074 0.613937 0.244293 0.220937 0.00182277
0 0.0464856 0.913878 0.0929712 0.172244 0.00181956
0 0.909461 0.836328 0.181078 0.327344 0.00179571
0 0.587772 0.0897875 0.342465 0.179575 0.00179336
0 0.979623 0.506985 0.040754 0.455144 0.00179268
0 0.937961 0.760676 0.124077 0.478649 0.00178461
0 0.338117 0.298564 0.50339 0.597129 0.00178425
0 0.461535 0.455011 0.491521 0.884544 0.00178323
0 0.143179 0.467343 0.286359 0.640951 0.00177566
0 0.694841 0.579207 0.246771 0.269082 0.00177236
0 0.311668 0.148425 0.31716 0.296849 0.00177156
0 0.78618 0.76231 0.283847 0.475379 0.00177085
0 0.927172 0.128589 0.145656 0.257178 0.00177057
0 0.636841 0.497791 0.432429 0.820994 0.00176686
0 0.533535 0.607177 0.437339 0.785645 0.00176504
0 0.543121 0.930044 0.263772 0.139912 0.00176421
0 0.814572 0.421925 0.295789 0.362136 0.00176364
0 0.651065 0.727587 0.303282 0.415949 0.00176334
0 0.915196 0.892157 0.169607 0.215685 0.00176285
0 0.297097 0.939095 0.262092 0.12181 0.00175883
0 0.584166 0.937879 0.235422 0.124243 0.00175736
0 0.825335 0.418345 0.349329 0.620833 0.00175433
0 0.0262023 0.831142 0.0524045 0.282284 0.00174611
0 0.487828 0.931121 0.248978 0.137758 0.00174401
0 0.460463 0.848766 0.434245 0.302467 0.00173914
0 0.425122 0.314361 0.472964 0.628721 0.00173821
0 0.711083 0.693885 0.384359 0.612229 0.00173465
0 0.8172 0.899359 0.206636 0.201282 0.00173181
0 0.940058 0.271115 0.119884 0.366413 0.00173158
0 0.222381 0.468118 0.444763 0.913846 0.00173084
0 0.823551 0.520305 0.236851 0.384949 0.00172912
0 0.719668 0.683094 0.325737 0.429001 0.00172528
0 0.213786 0.897339 0.337088 0.205321 0.00172137
0 0.584972 0.600705 0.199781 0.197291 0.0017185
0 0.761494 0.729264 0.364522 0.541472 0.00171346
0 0.80751 0.608366 0.278807 0.452028 0.00171308
0 0.441672 0.928036 0.279949 0.143929 0.00170819
0 0.787356 0.844413 0.200204 0.311174 0.00170672
0 0.858811 0.553803 0.266862 0.485305 0.00169973
0 0.0243545 0.76448 0.0487089 0.275535 0.0016989
0 0.154547 0.613534 0.309093 0.772931 0.00169587
0 0.757369 0.535521 0.223988 0.283758 0.00169326
0 0.318422 0.526094 0.522333 0.883126 0.00169141
0 0.786313 0.475546 0.238681 0.281401 0.00168851
0 0.94156 0.863107 0.116879 0.273785 0.00168034
0 0.531608 0.724298 0.478277 0.551405 0.00167888
0 0.170439 0.546205 0.340877 0.732488 0.00167792
0 0.200158 0.290272 0.400315 0.580543 0.00167766
0 0.0938637 0.722983 0.187727 0.324195 0.00167574
0 0.880624 0.903198 0.221696 0.193605 0.00167225
0 0.717312 0.504855 0.230944 0.228546 0.00166559
0 0.47725 0.223141 0.485356 0.446283 0.00165904
0 0.879149 0.840255 0.241702 0.31949 0.00165758
0 0.781118 0.67439 0.319833 0.518353 0.00165462
0 0.0269416 0.193782 0.0538831 0.295203 0.00164946
0 0.610824 0.595122 0.413108 0.726226 0.00164475
0 0.0775692 0.66707 0.155138 0.28542 0.0016425
0 0.866564 0.741067 0.249755 0.517866 0.00163815
0 0.703322 0.2577 0.484396 0.5154 0.00163583
0 0.783827 0.463935 0.41787 0.713129 0.00163085
0 0.840702 0.634826 0.315276 0.530828 0.0016302
0 0.635825 0.58548 0.244974 0.254342 0.00162546
0 0.841774 0.839337 0.21364 0.321325 0.00162497
0 0.227439 0.6336 0.454877 0.732799 0.00162412
0 0.686499 0.934095 0.218713 0.13181 0.00162351
0 0.150148 0.343558 0.300295 0.687117 0.00161681
0 0.670401 0.341573 0.4927 0.683146 0.00161586
0 0.35128 0.938885 0.267538 0.12223 0.00161548
0 0.888297 0.686168 0.223405 0.559947 0.00161258
0 0.152234 0.919573 0.300236 0.160854 0.00160936
0 0.921859 0.328795 0.156283 0.2553 0.00160521
0 0.146512 0.938898 0.239758 0.122204 0.00159683
0 0.816571 0.739222 0.28665 0.521556 0.00159462
0 0.722352 0.534861 0.416344 0.681152 0.00159304
0 0.0243798 0.314576 0.0487596 0.274499 0.00159301
0 0.553106 0.208857 0.464772 0.417714 0.00159208
0 0.422714 0.558357 0.521227 0.849705 0.00158999
0 0.256273 0.0483363 0.237656 0.0966727 0.00158962
0 0.672812 0.617098 0.39429 0.642085 0.00158792
0 0.129449 0.0490986 0.242152 0.0981971 0.00158528
0 0.749281 0.495393 0.32181 0.395832 0.00158442
0 0.691317 0.555901 0.328054 0.408617 0.00158342
0 0.187458 0.348045 0.374917 0.69609 0.00157781
0 0.814966 0.125991 0.333046 0.251983 0.00157774
0 0.597517 0.0526793 0.24708 0.105359 0.00157323
0 0.0255902 0.251167 0.0511805 0.289012 0.0015667
0 0.786233 0.0480379 0.236355 0.0960759 0.00156592
0 0.903393 0.355841 0.193214 0.377174 0.00156285
0 0.60722 0.670425 0.347341 0.519836 0.00155612
0 0.0234102 0.649098 0.0468204 0.266984 0.00155409
0 0.454201 0.231824 0.506259 0.463648 0.00155242
0 0.19272 0.0467744 0.240595 0.0935488 0.0015507
0 0.925847 0.925713 0.148307 0.148573 0.00154855
0 0.197652 0.470869 0.395305 0.665841 0.00154841
0 0.748381 0.929936 0.220781 0.140128 0.00154499
0 0.0282372 0.883449 0.0564745 0.233102 0.0015447
0 0.0239355 0.37525 0.047871 0.265705 0.00154247
0 0.895466 0.736496 0.209068 0.527008 0.00154111
0 0.738198 0.313311 0.492037 0.626622 0.00154075
0 0.0711035 0.609071 0.142207 0.267473 0.00153819
0 0.320195 0.04853 0.234383 0.0970601 0.00153533
0 0.0225057 0.703892 0.0450115 0.272634 0.00153259
0 0.0242792 0.432271 0.0485584 0.258599 0.00152986
0 0.0250882 0.593912 0.0501763 0.261905 0.00152954
0 0.0935821 0.438972 0.187164 0.310057 0.00152006
0 0.725327 0.0476663 0.234373 0.0953325 0.00151847
0 0.23778 0.939986 0.261438 0.120027 0.001515
0 0.0257431 0.48586 0.0514861 0.255827 0.00151328
0 0.662177 0.0491145 0.238408 0.0982289 0.0015076
0 0.0872988 0.49742 0.174598 0.282111 0.00150396
0 0.746971 0.12803 0.320781 0.25606 0.00150331
0 0.482106 0.312089 0.509186 0.624177 0.0014927
0 0.192634 0.139812 0.333112 0.279625 0.00148818
0 0.375611 0.141207 0.317627 0.282415 0.00148266
0 0.0749799 0.553267 0.14996 0.266154 0.00148141
0 0.0261903 0.539762 0.0523807 0.258271 0.0014795
0 0.166172 0.415014 0.332343 0.830029 0.00147539
0 0.810287 0.929118 0.222461 0.141765 0.00147385
0 0.893795 0.932873 0.212411 0.134255 0.00147144
0 0.0924861 0.378287 0.184972 0.324523 0.00146149
0 0.541735 0.0524844 0.235716 0.104969 0.00145218
0 0.383724 0.0459346 0.234974 0.0918692 0.00145002
0 0.445362 0.0481817 0.238041 0.0963635 0.00143863
0 0.654233 0.115787 0.324418 0.231574 0.00141217
0 0.657285 0.540087 0.0865835 0.0758651 0.0013585
0 0.0733811 0.18838 0.146762 0.37676 0.00135835
0 0.442958 0.128508 0.328366 0.257015 0.00135629
0 0.085641 0.306708 0.171282 0.34433 0.00134289
0 0.0946207 0.0516825 0.189241 0.103365 0.00133806
0 0.230535 0.447381 0.00980533 0.0180113 0.00133094
0 0.143584 0.146335 0.287167 0.292669 0.00132262
0 0.223898 0.283848 0.0358409 0.0667607 0.00129539
0 0.228203 0.419706 0.0297934 0.0679964 0.00127674
0 0.227992 0.404518 0.0314009 0.0847502 0.001268
0 0.671078 0.522438 0.0743417 0.0753505 0.00123685
0 0.212503 0.286589 0.0309141 0.0600724 0.00123312
0 0.0742659 0.127173 0.148532 0.254346 0.00118858
0 0.227829 0.344463 0.0357141 0.083514 0.00116192
0 0.498688 0.0691262 0.313809 0.138252 0.00115769
0 0.226309 0.313005 0.0375697 0.0797333 0.00113606
0 0.227181 0.389738 0.0336614 0.113544 0.00112163
0 0.557056 0.0618603 0.309424 0.123721 0.00112148
0 0.238932 0.0173816 0.0128576 0.0186239 0.00103831
0 0.230686 0.436481 0.0109882 0.0221226 0.00103325
0 0.548543 0.657917 0.0856783 0.113736 0.00100127
