0 0.35875 0.326667 0.0105 0.0248889 1
0 0.654375 0.576 0.0127501 0.0328888 1
0 0.588771 0.681622 0.486848 0.636756 0.00446151
0 0.814533 0.72416 0.370933 0.551681 0.00374224
0 0.7688 0.737641 0.433399 0.524719 0.00302026
0 0.872835 0.191512 0.25433 0.383024 0.0028503
0 0.865227 0.776393 0.269547 0.447214 0.00278264
0 0.690686 0.691427 0.472123 0.617146 0.00270206
0 0.473223 0.21792 0.421602 0.435839 0.00266107
0 0.926353 0.160473 0.147293 0.320947 0.00262871
0 0.401427 0.670392 0.518595 0.659216 0.00259981
0 0.0389931 0.0568124 0.0779862 0.113625 0.0025419
0 0.489886 0.403061 0.521961 0.806122 0.00253096
0 0.845635 0.69428 0.30873 0.611441 0.00240787
0 0.938028 0.747701 0.123943 0.504598 0.00238868
0 0.340239 0.170171 0.42187 0.340341 0.00237811
0 0.359118 0.68638 0.462115 0.627239 0.00237042
0 0.631048 0.743801 0.48853 0.512397 0.00235164
0 0.241069 0.787957 0.391588 0.424086 0.00233013
0 0.402475 0.199455 0.437655 0.398911 0.00232481
0 0.610363 0.450935 0.468988 0.648076 0.00230921
0 0.932088 0.275775 0.135825 0.55155 0.00228622
0 0.798932 0.175406 0.402137 0.350812 0.00226911
0 0.537124 0.204636 0.415332 0.409273 0.00226769
0 0.938015 0.917018 0.123969 0.165963 0.00225405
0 0.181176 0.792295 0.362352 0.41541 0.00225019
0 0.303771 0.746165 0.428604 0.50767 0.00221803
0 0.625404 0.904657 0.304856 0.190686 0.00220661
0 0.962321 0.138339 0.0753577 0.276679 0.00218957
0 0.945803 0.645234 0.108393 0.48104 0.00218904
0 0.973458 0.192317 0.053083 0.384633 0.00218257
0 0.444362 0.31973 0.534044 0.639461 0.00217918
0 0.138609 0.838064 0.277218 0.323873 0.00217737
0 0.117777 0.877063 0.189925 0.245873 0.00216946
0 0.946233 0.528774 0.107534 0.460094 0.00216108
0 0.092259 0.810982 0.184518 0.378037 0.00214739
0 0.286796 0.14022 0.399415 0.28044 0.0021364
0 0.243732 0.0572638 0.0173853 0.0286719 0.00213012
0 0.945011 0.440389 0.109978 0.488374 0.00212586
0 0.370992 0.477685 0.0148478 0.025152 0.002106
0 0.188006 0.847851 0.260039 0.304298 0.00210101
0 0.973405 0.312093 0.0531892 0.379814 0.00208725
0 0.917956 0.058113 0.164089 0.116226 0.00208428
0 0.662559 0.502874 0.446828 0.681148 0.00208045
0 0.938657 0.32917 0.122685 0.564216 0.00208026
0 0.690797 0.441451 0.255865 0.224183 0.00207089
0 0.151375 0.886426 0.170187 0.227148 0.00206344
0 0.591174 0.164456 0.413665 0.328913 0.00206186
0 0.586711 0.548238 0.537188 0.814476 0.002043
0 0.357182 0.83972 0.475873 0.320559 0.00203345
0 0.64495 0.937502 0.247906 0.124996 0.00201351
0 0.453411 0.493409 0.514217 0.888046 0.00201038
0 0.970399 0.700683 0.0592023 0.42392 0.00200696
0 0.355225 0.73377 0.448561 0.532459 0.00200485
0 0.937263 0.823223 0.125474 0.353555 0.00200299
0 0.736413 0.171256 0.442846 0.342513 0.00199888
0 0.187497 0.88747 0.15951 0.225061 0.00198906
0 0.482776 0.669043 0.529344 0.661915 0.00198853
0 0.790247 0.921193 0.276402 0.157614 0.00198683
0 0.553523 0.350758 0.45319 0.551114 0.00196802
0 0.255741 0.833321 0.278595 0.333359 0.00196554
0 0.465871 0.899445 0.312021 0.20111 0.00196468
0 0.881415 0.887395 0.23717 0.22521 0.00195946
0 0.301234 0.811828 0.340068 0.376344 0.00194604
0 0.897902 0.80036 0.204196 0.39928 0.00194599
0 0.567283 0.910944 0.319033 0.178112 0.00194399
0 0.509925 0.296126 0.519206 0.592252 0.00194192
0 0.319918 0.863428 0.34932 0.273143 0.00193662
0 0.0998192 0.906368 0.199638 0.187264 0.00193546
0 0.845611 0.281632 0.308778 0.563263 0.00192921
0 0.720085 0.485894 0.290186 0.303652 0.001925
0 0.980152 0.240288 0.0396954 0.444133 0.00192126
0 0.0797582 0.892335 0.159516 0.21533 0.00191579
0 0.579104 0.823788 0.470318 0.352424 0.00191071
0 0.217893 0.887922 0.154234 0.224156 0.00190888
0 0.272509 0.885947 0.16531 0.228105 0.0019066
0 0.972332 0.524372 0.0553358 0.392108 0.00190524
0 0.843976 0.91587 0.312048 0.168261 0.00190482
0 0.97277 0.418936 0.0544605 0.385497 0.00189198
0 0.0919781 0.850565 0.183956 0.29887 0.00188919
0 0.543147 0.6415 0.516584 0.717001 0.00188548
0 0.706258 0.335686 0.4976 0.671372 0.00188475
0 0.840846 0.845842 0.318309 0.308316 0.00185518
0 0.503497 0.833314 0.480861 0.333372 0.00185069
0 0.0655297 0.0612874 0.131059 0.122575 0.00184885
0 0.797392 0.70697 0.405216 0.586059 0.00184263
0 0.571362 0.323289 0.524442 0.646577 0.00183577
0 0.135325 0.90921 0.182482 0.181581 0.00183326
0 0.389772 0.297807 0.512059 0.595613 0.00182621
0 0.0474792 0.903703 0.0949584 0.192594 0.00181394
0 0.915024 0.123786 0.169953 0.247572 0.00181215
0 0.242535 0.110602 0.354605 0.221204 0.00180404
0 0.295758 0.290211 0.502426 0.580423 0.00179619
0 0.972157 0.6361 0.0556858 0.391638 0.00179411
0 0.920429 0.927242 0.159141 0.145517 0.00179349
0 0.0865123 0.93324 0.173025 0.13352 0.001786
0 0.0723009 0.508914 0.144602 0.292623 0.00178452
0 0.518741 0.903489 0.314291 0.193021 0.00178018
0 0.0314026 0.118594 0.0628053 0.237188 0.00176788
0 0.660144 0.155403 0.402428 0.310805 0.00176717
0 0.584464 0.936952 0.253994 0.126096 0.00176457
0 0.425608 0.928098 0.2601 0.143805 0.00175651
0 0.977718 0.361021 0.0445637 0.436429 0.00175167
0 0.0379996 0.0906416 0.0759991 0.181283 0.00174849
0 0.0509732 0.92436 0.101946 0.151281 0.00174795
0 0.751295 0.834296 0.43951 0.331408 0.00174588
0 0.651144 0.831954 0.44386 0.336092 0.00174491
0 0.88208 0.938581 0.235841 0.122839 0.00174204
0 0.0950785 0.728208 0.190157 0.543583 0.00174028
0 0.679127 0.913407 0.303215 0.173186 0.00173886
0 0.79118 0.296587 0.41764 0.593174 0.00173756
0 0.595165 0.225172 0.465999 0.450344 0.00173693
0 0.724879 0.0532393 0.245818 0.106479 0.00173678
0 0.60363 0.272578 0.503133 0.545157 0.00172893
0 0.0691776 0.584643 0.138355 0.513057 0.00172516
0 0.669986 0.379391 0.202275 0.146265 0.00172028
0 0.722221 0.921375 0.28526 0.15725 0.00170934
0 0.0736336 0.455038 0.147267 0.280461 0.00170826
0 0.26057 0.910286 0.176931 0.179428 0.00170784
0 0.488534 0.938211 0.246744 0.123577 0.00170439
0 0.818504 0.337869 0.362993 0.675738 0.00169815
0 0.787386 0.0534784 0.244227 0.106957 0.001693
0 0.0752723 0.794078 0.150545 0.312578 0.00169211
0 0.0814316 0.482626 0.162863 0.515061 0.00169197
0 0.290339 0.91416 0.185234 0.17168 0.00168698
0 0.667719 0.304854 0.389432 0.263996 0.00168343
0 0.0305547 0.433355 0.0611094 0.268352 0.00168254
0 0.874154 0.114964 0.251693 0.229928 0.00168168
0 0.0758863 0.729817 0.151773 0.2962 0.00167816
0 0.36866 0.559881 0.49378 0.879621 0.00167579
0 0.347991 0.927882 0.21137 0.144235 0.00167388
0 0.827526 0.938311 0.253619 0.123379 0.00166867
0 0.703191 0.377221 0.248794 0.134765 0.00166102
0 0.772733 0.937594 0.240944 0.124812 0.00165144
0 0.72893 0.525841 0.348995 0.446952 0.00165091
0 0.283906 0.453643 0.473219 0.907286 0.00164875
0 0.721945 0.52678 0.454843 0.833593 0.0016421
0 0.255435 0.784453 0.314756 0.428956 0.00164111
0 0.0323184 0.7692 0.0646368 0.280213 0.00163715
0 0.223396 0.273183 0.446791 0.546365 0.00163422
0 0.0292795 0.207441 0.0585589 0.263029 0.00163382
0 0.739041 0.537354 0.405293 0.604467 0.0016282
0 0.0276249 0.262158 0.0552497 0.262372 0.00162791
0 0.0364342 0.82843 0.0728684 0.299289 0.00162546
0 0.0730539 0.606433 0.146108 0.287821 0.00162541
0 0.89693 0.736979 0.20614 0.526043 0.0016241
0 0.0311548 0.486495 0.0623096 0.27307 0.001624
0 0.880638 0.0538469 0.238724 0.107694 0.0016224
0 0.391078 0.411086 0.51199 0.822171 0.00162153
0 0.0287188 0.377819 0.0574377 0.263288 0.00161617
0 0.0844362 0.666045 0.168872 0.543014 0.00161145
0 0.704026 0.267696 0.407074 0.333814 0.00160963
0 0.0745067 0.664321 0.149013 0.28346 0.00160373
0 0.911654 0.672597 0.176692 0.536798 0.00159657
0 0.917183 0.610536 0.165634 0.499716 0.00159353
0 0.0999674 0.404215 0.199935 0.555086 0.00158812
0 0.161687 0.704284 0.323373 0.591432 0.00158638
0 0.725639 0.224177 0.428218 0.438216 0.00157904
0 0.0275565 0.317951 0.055113 0.262505 0.00157827
0 0.0293261 0.652123 0.0586521 0.265851 0.00157334
0 0.249472 0.601554 0.274062 0.186638 0.00157264
0 0.123404 0.931119 0.217844 0.137763 0.0015719
0 0.0726737 0.393499 0.145347 0.274244 0.00157134
0 0.0314935 0.538853 0.0629871 0.270148 0.00156643
0 0.218101 0.929036 0.216032 0.141929 0.0015582
0 0.0311158 0.592591 0.0622316 0.268169 0.0015562
0 0.201511 0.758594 0.361083 0.482813 0.00155549
0 0.290979 0.60922 0.298966 0.150107 0.00155393
0 0.894693 0.507516 0.210614 0.576964 0.00155221
0 0.0284068 0.71045 0.0568135 0.268733 0.00154741
0 0.879387 0.437299 0.241226 0.627166 0.0015319
0 0.226198 0.0523396 0.244241 0.104679 0.00151801
0 0.664011 0.0528441 0.243035 0.105688 0.00151709
0 0.86832 0.682085 0.263361 0.581758 0.00151331
0 0.185334 0.12109 0.345034 0.24218 0.00151259
0 0.242421 0.0542889 0.0193045 0.0384451 0.00151031
0 0.877295 0.619865 0.245409 0.531105 0.00150725
0 0.24332 0.315818 0.486641 0.631636 0.00150007
0 0.700259 0.936444 0.252717 0.127113 0.0014969
0 0.849359 0.491543 0.301282 0.664568 0.00149012
0 0.0696201 0.327644 0.13924 0.262018 0.001485
0 0.739549 0.385285 0.379949 0.236752 0.00148307
0 0.74981 0.646461 0.434159 0.699611 0.0014704
0 0.0376563 0.874423 0.0753127 0.251154 0.00146891
0 0.776437 0.445958 0.447127 0.714077 0.00144955
0 0.749814 0.439182 0.439834 0.550848 0.00144747
0 0.313507 0.590191 0.374467 0.238067 0.00144594
0 0.178367 0.581546 0.356734 0.746605 0.00144569
0 0.281078 0.93107 0.218385 0.13786 0.00144406
0 0.227616 0.418822 0.455232 0.837644 0.0014421
0 0.802241 0.528933 0.395519 0.717318 0.00143931
0 0.0839138 0.15072 0.167828 0.301439 0.00143613
0 0.293085 0.594463 0.447965 0.742475 0.00142702
0 0.311873 0.766457 0.382067 0.446341 0.00142493
0 0.232994 0.55542 0.441339 0.818102 0.00142418
0 0.206835 0.649703 0.366546 0.492912 0.00142304
0 0.328753 0.553137 0.435323 0.567793 0.00141591
0 0.379922 0.0528234 0.243012 0.105647 0.0014064
0 0.192954 0.29779 0.385908 0.59558 0.00139882
0 0.772887 0.289457 0.454225 0.578915 0.00139881
0 0.47712 0.0528541 0.238303 0.105708 0.00139742
0 0.471426 0.135343 0.323044 0.270686 0.00139527
0 0.181987 0.395988 0.363975 0.791975 0.00139178
0 0.318913 0.0534715 0.241779 0.106943 0.00138279
0 0.782167 0.0920145 0.340462 0.184029 0.00138089
0 0.163113 0.444228 0.326226 0.80369 0.00137203
0 0.39908 0.938181 0.232215 0.123637 0.00136837
0 0.166762 0.0528945 0.239597 0.105789 0.00136132
0 0.0776351 0.33012 0.15527 0.488835 0.00134893
0 0.109653 0.0521522 0.219306 0.104304 0.00134785
0 0.837566 0.0993389 0.324868 0.198678 0.00134506
0 0.81877 0.377925 0.362461 0.753156 0.0013414
0 0.372514 0.102919 0.32167 0.205837 0.00133832
0 0.161856 0.161463 0.323711 0.322926 0.00133715
0 0.813893 0.661296 0.372214 0.650688 0.00132861
0 0.243529 0.0485962 0.0189651 0.0266456 0.00132382
0 0.207996 0.650098 0.409402 0.680925 0.00131622
0 0.245005 0.0616808 0.312306 0.123362 0.00131227
0 0.538587 0.0523722 0.239946 0.104744 0.00130965
0 0.718376 0.0735348 0.328369 0.14707 0.00130713
0 0.0723413 0.265027 0.144683 0.259749 0.00130687
0 0.0744566 0.197279 0.148913 0.301751 0.00128218
0 0.530756 0.130003 0.319268 0.260006 0.00126608
0 0.189165 0.232649 0.378331 0.465299 0.00126208
0 0.312898 0.0838483 0.3246 0.167697 0.00125053
0 0.602379 0.0530049 0.239263 0.10601 0.00124205
0 0.370326 0.468379 0.0157048 0.0283879 0.00122915
0 0.181481 0.0689336 0.303411 0.137867 0.00115323
0 0.0580431 0.255793 0.116086 0.383619 0.00111935
0 0.137543 0.215798 0.275086 0.431596 0.00111719
0 0.653597 0.0736156 0.320288 0.147231 0.00110347
0 0.158194 0.294045 0.316389 0.58809 0.0010984
0 0.219611 0.623544 0.0650601 0.0701059 0.00108506
0 0.59231 0.113077 0.322591 0.226153 0.00107231
0 0.0653255 0.192355 0.130651 0.384711 0.00106719
0 0.149385 0.0984941 0.298769 0.196988 0.0010423
0 0.12722 0.123609 0.254439 0.247218 0.00103778
