0 0.64925 0.465555 0.0115 0.0342223 1
0 0.362031 0.670871 0.493612 0.658258 0.00462115
0 0.224945 0.696747 0.449891 0.606507 0.00419055
0 0.838401 0.256658 0.323198 0.513316 0.00358322
0 0.2003 0.764034 0.400601 0.471932 0.00318268
0 0.634141 0.209469 0.442508 0.418939 0.00297894
0 0.306062 0.338864 0.0108 0.0225386 0.00281126
0 0.793608 0.223 0.394353 0.445999 0.00273198
0 0.0390285 0.0628347 0.0780571 0.125669 0.00269298
0 0.367432 0.200448 0.441003 0.400896 0.00268384
0 0.921909 0.190145 0.156181 0.38029 0.0026777
0 0.399846 0.743781 0.424782 0.512438 0.00265642
0 0.942973 0.342244 0.114053 0.525607 0.00260619
0 0.700145 0.814347 0.224464 0.371307 0.00251048
0 0.537397 0.867994 0.286892 0.264012 0.00250835
0 0.222192 0.189829 0.408792 0.379658 0.00243308
0 0.539248 0.44965 0.01596 0.0259052 0.00241368
0 0.73455 0.809872 0.163034 0.380257 0.00241099
0 0.381409 0.839801 0.378061 0.320398 0.0023926
0 0.28935 0.722359 0.521796 0.555283 0.0023867
0 0.30461 0.337391 0.013896 0.020287 0.00238116
0 0.969139 0.288566 0.0617211 0.448556 0.00236373
0 0.717734 0.159314 0.400365 0.318628 0.00236283
0 0.25272 0.402512 0.502264 0.805025 0.00233686
0 0.445179 0.221792 0.431417 0.443585 0.00233471
0 0.660593 0.799092 0.349218 0.401817 0.00231788
0 0.932407 0.149852 0.135186 0.299703 0.00231554
0 0.449951 0.227164 0.0128714 0.0188315 0.00231237
0 0.558218 0.681366 0.451753 0.637268 0.00230309
0 0.229671 0.312124 0.459342 0.624247 0.00229849
0 0.437139 0.625081 0.535035 0.749838 0.00229149
0 0.552424 0.764958 0.413291 0.470084 0.00226131
0 0.54352 0.223635 0.405164 0.447269 0.00223454
0 0.491438 0.883803 0.349471 0.232394 0.0022157
0 0.307049 0.349157 0.0104885 0.0173285 0.00221336
0 0.939453 0.0792549 0.121093 0.15851 0.00218469
0 0.483174 0.669761 0.492503 0.660477 0.00218364
0 0.874239 0.152874 0.251522 0.305749 0.00217428
0 0.575911 0.918805 0.19514 0.162391 0.00217273
0 0.758764 0.796294 0.165094 0.407413 0.0021577
0 0.953485 0.251274 0.0930292 0.434703 0.00215546
0 0.923279 0.778311 0.153442 0.443378 0.00214223
0 0.101828 0.807971 0.203656 0.384057 0.0021214
0 0.155222 0.754218 0.310444 0.491565 0.00211842
0 0.939296 0.915459 0.121407 0.169082 0.00209038
0 0.618106 0.831289 0.355166 0.337422 0.00208552
0 0.310168 0.21225 0.0134391 0.0177378 0.00208359
0 0.815309 0.313657 0.369381 0.627313 0.00207881
0 0.946018 0.492751 0.107965 0.506325 0.00206026
0 0.210976 0.287573 0.421951 0.575145 0.002057
0 0.599536 0.873131 0.225578 0.253739 0.00204403
0 0.790606 0.73527 0.191492 0.510347 0.00203072
0 0.61764 0.308728 0.477583 0.617456 0.00201521
0 0.934457 0.237293 0.131086 0.388937 0.00201196
0 0.973728 0.407685 0.0525441 0.387632 0.00200459
0 0.123625 0.845219 0.247251 0.309561 0.00199341
0 0.938834 0.810128 0.122333 0.379744 0.0019918
0 0.648943 0.872571 0.197563 0.254857 0.00198935
0 0.450247 0.237646 0.0137007 0.0182418 0.00197968
0 0.504629 0.536452 0.504998 0.838546 0.00195361
0 0.312421 0.275029 0.542821 0.550057 0.00195321
0 0.910708 0.34521 0.178583 0.457608 0.00195173
0 0.064037 0.0669139 0.128074 0.133828 0.00194987
0 0.897536 0.439835 0.204929 0.563968 0.00194899
0 0.540372 0.920856 0.208056 0.158288 0.00194377
0 0.307496 0.634611 0.551344 0.730777 0.00193406
0 0.902609 0.0599807 0.194782 0.119961 0.00193377
0 0.702887 0.866987 0.164738 0.266026 0.00193349
0 0.841102 0.136685 0.317796 0.27337 0.0019294
0 0.818886 0.682628 0.18067 0.506214 0.00192638
0 0.42063 0.340498 0.539124 0.680997 0.00192551
0 0.894391 0.233663 0.211217 0.273005 0.00191685
0 0.0901873 0.92014 0.180375 0.15972 0.00191569
0 0.65167 0.128924 0.331211 0.257849 0.00190727
0 0.139777 0.840926 0.279554 0.318148 0.0018931
0 0.81085 0.803774 0.204292 0.392452 0.00187496
0 0.469943 0.317134 0.495857 0.634267 0.00186684
0 0.760391 0.737699 0.263497 0.524603 0.00186565
0 0.78986 0.69277 0.261927 0.540178 0.0018624
0 0.0318066 0.115504 0.0636133 0.231007 0.00185333
0 0.457345 0.905575 0.281314 0.188851 0.00184594
0 0.858571 0.770352 0.209604 0.459295 0.00184287
0 0.815059 0.114973 0.328357 0.229945 0.00183992
0 0.421895 0.890329 0.309942 0.219342 0.00183678
0 0.0501821 0.904876 0.100364 0.190249 0.00182139
0 0.892883 0.784844 0.214233 0.430313 0.00181792
0 0.733808 0.763534 0.253662 0.472932 0.00181777
0 0.859423 0.637687 0.183945 0.514966 0.00181577
0 0.277045 0.82186 0.498726 0.356279 0.00180176
0 0.0781636 0.841366 0.156327 0.314841 0.00180063
0 0.755447 0.345374 0.452673 0.690748 0.00179877
0 0.208829 0.8332 0.417659 0.333599 0.0017946
0 0.909476 0.836134 0.181048 0.327731 0.00179425
0 0.21701 0.646825 0.434019 0.70635 0.00179308
0 0.97254 0.530342 0.0549207 0.40172 0.00179191
0 0.977602 0.332553 0.0447952 0.478533 0.00178568
0 0.915304 0.893599 0.169393 0.212803 0.00177796
0 0.978574 0.466413 0.042853 0.446031 0.00176619
0 0.762735 0.899657 0.186219 0.200686 0.00176616
0 0.271134 0.485131 0.478574 0.875415 0.0017652
0 0.0985032 0.872692 0.197006 0.254616 0.0017539
0 0.715969 0.284817 0.44727 0.569634 0.00175362
0 0.963733 0.702153 0.072535 0.436987 0.00175305
0 0.790101 0.841332 0.189491 0.317335 0.00175145
0 0.817813 0.638605 0.229601 0.528228 0.00174736
0 0.303939 0.893879 0.325875 0.212243 0.00174191
0 0.143715 0.796064 0.28743 0.407873 0.00173961
0 0.943169 0.743221 0.113663 0.503146 0.00173757
0 0.817948 0.897205 0.201144 0.205591 0.00173667
0 0.703893 0.909144 0.179573 0.181712 0.00173177
0 0.851806 0.471131 0.249345 0.51421 0.00172916
0 0.864867 0.534762 0.270266 0.559266 0.00172673
0 0.47744 0.422583 0.492137 0.845165 0.00172153
0 0.853629 0.379931 0.235209 0.471563 0.00172111
0 0.664176 0.913027 0.194121 0.173946 0.00171435
0 0.852145 0.0529429 0.240909 0.105886 0.00171073
0 0.841266 0.839244 0.208022 0.321513 0.0017077
0 0.969174 0.644718 0.0616525 0.423777 0.00170704
0 0.798398 0.6379 0.322909 0.566577 0.00170691
0 0.179411 0.23708 0.358823 0.47416 0.00170631
0 0.342716 0.569822 0.561369 0.833732 0.00169816
0 0.536138 0.349618 0.478788 0.699235 0.00169696
0 0.895158 0.249013 0.209684 0.498026 0.00169596
0 0.142704 0.285835 0.285408 0.571669 0.0016942
0 0.0679419 0.501418 0.135884 0.274177 0.00168977
0 0.865603 0.591148 0.239783 0.539973 0.00168933
0 0.944563 0.608636 0.110874 0.513908 0.00168824
0 0.629235 0.915378 0.198651 0.169244 0.00168519
0 0.807389 0.518617 0.285434 0.500905 0.00167834
0 0.1577 0.337403 0.3154 0.674806 0.00167663
0 0.941296 0.865701 0.117408 0.268599 0.00167608
0 0.663113 0.727493 0.401648 0.545014 0.00167406
0 0.0272607 0.140653 0.0545214 0.281305 0.00166541
0 0.733271 0.716033 0.34975 0.567934 0.00166458
0 0.821217 0.401004 0.337886 0.566646 0.00166427
0 0.630166 0.0533499 0.241962 0.1067 0.00166347
0 0.538063 0.597466 0.498587 0.805068 0.00166195
0 0.88169 0.906394 0.221739 0.187212 0.00165988
0 0.879153 0.841456 0.241694 0.317087 0.0016462
0 0.357507 0.390462 0.54767 0.780925 0.00164535
0 0.0349975 0.767127 0.0699949 0.279735 0.00163486
0 0.37484 0.144836 0.323766 0.289673 0.00163353
0 0.06934 0.551223 0.13868 0.276727 0.00163124
0 0.899438 0.578741 0.201124 0.533556 0.0016268
0 0.571676 0.526593 0.444032 0.649774 0.00162434
0 0.311107 0.224 0.0137383 0.0181803 0.00162429
0 0.684578 0.55277 0.285684 0.338773 0.0016214
0 0.0747234 0.788973 0.149447 0.300806 0.00161825
0 0.303728 0.326368 0.0122131 0.0227408 0.00161593
0 0.633591 0.607194 0.377217 0.539927 0.00161354
0 0.630001 0.518658 0.317071 0.349998 0.0016117
0 0.667529 0.36635 0.433216 0.7327 0.00161135
0 0.621854 0.610343 0.436228 0.779315 0.00160898
0 0.789149 0.0521114 0.235035 0.104223 0.00160816
0 0.0691419 0.449425 0.138284 0.26697 0.00160807
0 0.685689 0.650841 0.356569 0.579068 0.0016078
0 0.121733 0.910956 0.243466 0.178089 0.00160736
0 0.210706 0.530277 0.421412 0.856992 0.00160251
0 0.900409 0.628329 0.182571 0.520224 0.00160057
0 0.166963 0.402607 0.333926 0.805214 0.00159583
0 0.0303083 0.431729 0.0606167 0.265133 0.00159447
0 0.130962 0.445327 0.261923 0.589979 0.00159271
0 0.0936301 0.516498 0.18726 0.527281 0.00158917
0 0.766143 0.489207 0.294823 0.442821 0.0015859
0 0.0277175 0.378023 0.0554349 0.259096 0.00158542
0 0.0396052 0.826264 0.0792105 0.303804 0.00158338
0 0.745108 0.618528 0.363365 0.579366 0.00158324
0 0.206756 0.403133 0.413512 0.639032 0.00158274
0 0.704647 0.427959 0.42433 0.748284 0.00157905
0 0.305843 0.329314 0.0094791 0.0260668 0.00156992
0 0.0748899 0.932508 0.14978 0.134985 0.00156663
0 0.0721105 0.564501 0.144221 0.50458 0.00156079
0 0.023705 0.202532 0.04741 0.271796 0.00155865
0 0.0307524 0.652614 0.0615049 0.265086 0.00155767
0 0.790365 0.377908 0.419271 0.718759 0.00155569
0 0.0304804 0.710278 0.0609608 0.268202 0.00154978
0 0.710965 0.104984 0.314179 0.209968 0.00154537
0 0.247376 0.910466 0.304177 0.179068 0.00154464
0 0.0315595 0.594754 0.063119 0.263689 0.00154099
0 0.686834 0.930252 0.218429 0.139495 0.0015395
0 0.0741582 0.725696 0.148316 0.282542 0.00153813
0 0.0705039 0.60545 0.141008 0.268952 0.0015325
0 0.165893 0.904978 0.279897 0.190044 0.00153219
0 0.031427 0.485498 0.0628539 0.268075 0.00153202
0 0.0318938 0.538627 0.0637876 0.266 0.00152629
0 0.0238727 0.264607 0.0477455 0.258984 0.00152444
0 0.90953 0.93113 0.18094 0.13774 0.00151979
0 0.0725962 0.664457 0.145192 0.271535 0.00151892
0 0.740425 0.556216 0.320019 0.477782 0.00151859
0 0.0254846 0.324074 0.0509692 0.255041 0.00151671
0 0.397845 0.451651 0.537216 0.849081 0.0015136
0 0.749905 0.927703 0.2168 0.144593 0.00151315
0 0.568819 0.0524097 0.241778 0.104819 0.00151116
0 0.348819 0.0538025 0.244807 0.107605 0.0015084
0 0.432873 0.270925 0.0145628 0.0234486 0.0015077
0 0.0910336 0.328599 0.182067 0.278768 0.00150403
0 0.695284 0.0522956 0.23366 0.104591 0.00149723
0 0.648492 0.498051 0.401104 0.686094 0.00149421
0 0.423662 0.938079 0.245308 0.123843 0.00149289
0 0.0924596 0.732105 0.184919 0.53579 0.0014886
0 0.0796361 0.391009 0.159272 0.268468 0.00148674
0 0.328448 0.938676 0.252122 0.122648 0.00147092
0 0.48148 0.932864 0.251614 0.134272 0.00145962
0 0.445279 0.254346 0.0166475 0.0262687 0.00144989
0 0.287736 0.0518453 0.242382 0.103691 0.00144609
0 0.708823 0.503563 0.375429 0.584271 0.00144546
0 0.247874 0.579006 0.495748 0.841987 0.00144509
0 0.413239 0.0518977 0.238708 0.103795 0.00144339
0 0.0926058 0.255939 0.185212 0.317061 0.00144157
0 0.0838103 0.184129 0.167621 0.358212 0.00143852
0 0.435479 0.137879 0.316273 0.275757 0.00143673
0 0.0705793 0.661309 0.141159 0.500764 0.00143429
0 0.810676 0.927435 0.221423 0.145129 0.00143364
0 0.824813 0.748297 0.184703 0.503407 0.00142239
0 0.193974 0.0525496 0.242895 0.105099 0.00141456
0 0.0396757 0.871628 0.0793514 0.256744 0.00140551
0 0.312986 0.215193 0.0110835 0.0212576 0.00139395
0 0.115499 0.206232 0.230998 0.412464 0.00138805
0 0.901057 0.729625 0.197886 0.540751 0.00138771
0 0.615856 0.417048 0.404872 0.709133 0.00138494
0 0.874026 0.931134 0.23202 0.137733 0.00137968
0 0.54087 0.45794 0.0131273 0.0287008 0.00137656
0 0.507665 0.0504545 0.238629 0.100909 0.00136694
0 0.180322 0.594811 0.360643 0.810377 0.0013562
0 0.352088 0.101338 0.0138987 0.0221948 0.00135576
0 0.132639 0.0518136 0.24083 0.103627 0.0013063
0 0.0949211 0.0533809 0.189842 0.106762 0.00129994
0 0.10401 0.935883 0.208021 0.128234 0.00129755
0 0.219814 0.134918 0.32386 0.269836 0.0012924
0 0.268049 0.939196 0.247901 0.121607 0.00128856
0 0.564019 0.126673 0.330431 0.253345 0.00126474
0 0.287027 0.139339 0.333115 0.278677 0.00125041
0 0.353289 0.0913317 0.0119032 0.0250833 0.00124911
0 0.441887 0.269518 0.0133835 0.0207561 0.00124137
0 0.432704 0.263962 0.0166651 0.0332726 0.00123568
0 0.0747552 0.12439 0.14951 0.24878 0.00123174
0 0.305419 0.348613 0.0150172 0.0172348 0.00121897
0 0.4501 0.297423 0.0121826 0.0235946 0.00118088
0 0.257347 0.206722 0.0271031 0.0622153 0.00117824
0 0.501832 0.136627 0.322774 0.273255 0.00116363
0 0.425302 0.261648 0.0127422 0.027692 0.00116199
0 0.159116 0.134457 0.318232 0.268915 0.0011136
0 0.45055 0.283575 0.0112352 0.0193373 0.00111058
0 0.538237 0.44262 0.0177252 0.025256 0.00110734
0 0.426584 0.268635 0.0123833 0.0247256 0.00110073
0 0.207189 0.94012 0.244279 0.11976 0.00109968
0 0.450903 0.252267 0.0126595 0.0225593 0.00108857
0 0.267053 0.206922 0.0388832 0.078885 0.00108847
0 0.149401 0.939385 0.239117 0.121229 0.00107074
0 0.392603 0.185034 0.0180655 0.0237383 0.00106989
0 0.313081 0.225452 0.0113126 0.0194816 0.00106444
0 0.392154 0.19535 0.0191038 0.024623 0.00105149
0 0.448062 0.242611 0.0210037 0.025025 0.00104247
0 0.113133 0.143381 0.226266 0.286762 0.00103828
0 0.450188 0.307725 0.0126443 0.0189564 0.00103684
0 0.440939 0.282239 0.0138053 0.0180779 0.0010307
0 0.446104 0.23915 0.0165904 0.0204097 0.00101717
0 0.303668 0.213502 0.0132053 0.0208962 0.00100915
0 0.293685 0.339369 0.0298828 0.0585257 0.00100455
