0 0.113453 0.267601 0.0263114 0.0554453 0.0152892
0 0.487107 0.723895 0.394776 0.55221 0.00582615
0 0.176301 0.331745 0.352603 0.663489 0.00504148
0 0.760542 0.681063 0.478916 0.637873 0.00379297
0 0.528179 0.684175 0.511187 0.63165 0.00368837
0 0.190476 0.324007 0.380953 0.648014 0.00341004
0 0.414332 0.776997 0.207031 0.446007 0.00323745
0 0.524518 0.661518 0.433097 0.676965 0.00297018
0 0.790307 0.588672 0.419385 0.822657 0.00296616
0 0.382817 0.787756 0.207949 0.424489 0.00282084
0 0.368077 0.788385 0.292919 0.42323 0.00280514
0 0.799393 0.115738 0.401215 0.231476 0.0027356
0 0.318422 0.800318 0.253506 0.399365 0.0026894
0 0.85751 0.0575593 0.272753 0.115119 0.00264193
0 0.800782 0.452617 0.398435 0.785363 0.0026271
0 0.242483 0.825784 0.177624 0.348433 0.00262258
0 0.217773 0.818384 0.263423 0.363232 0.00254085
0 0.86357 0.100933 0.27286 0.201866 0.00242653
0 0.115916 0.272192 0.0226004 0.0515078 0.00240826
0 0.242027 0.0948555 0.47446 0.189711 0.00239319
0 0.794606 0.0550286 0.259485 0.110057 0.00238034
0 0.112471 0.866809 0.224941 0.266382 0.00236007
0 0.913297 0.0581445 0.173406 0.116289 0.00232808
0 0.511804 0.0938344 0.439962 0.187669 0.00228206
0 0.0398767 0.0530712 0.0797535 0.106142 0.00228027
0 0.221689 0.847166 0.220052 0.305667 0.00227412
0 0.117948 0.780089 0.235896 0.439822 0.00225805
0 0.139389 0.882515 0.226559 0.23497 0.00225478
0 0.824723 0.442944 0.350553 0.625377 0.00224895
0 0.34984 0.0891553 0.438761 0.178311 0.00224814
0 0.190115 0.84318 0.307506 0.313639 0.00223505
0 0.190876 0.774555 0.381753 0.45089 0.0022312
0 0.19297 0.87711 0.188168 0.24578 0.00222344
0 0.143819 0.390203 0.287639 0.702308 0.00222308
0 0.811063 0.783313 0.377875 0.433374 0.00221776
0 0.825962 0.582944 0.0188484 0.0353281 0.00221397
0 0.649385 0.0901665 0.404464 0.180333 0.00220815
0 0.775449 0.219207 0.449103 0.438413 0.00220717
0 0.426403 0.37148 0.490342 0.742961 0.00220257
0 0.193572 0.100392 0.387145 0.200785 0.00219843
0 0.360712 0.390766 0.469747 0.781533 0.00217483
0 0.22458 0.0443585 0.244618 0.0887171 0.00217426
0 0.451748 0.729929 0.256772 0.540142 0.00216804
0 0.760053 0.100291 0.437619 0.200582 0.00215555
0 0.159031 0.797368 0.318061 0.405263 0.00214707
0 0.109982 0.0527623 0.219964 0.105525 0.00213954
0 0.629516 0.679871 0.53146 0.640257 0.00213551
0 0.124432 0.836155 0.248864 0.327691 0.00212997
0 0.574696 0.628762 0.548386 0.7187 0.00212662
0 0.721267 0.736411 0.513714 0.527178 0.0021226
0 0.173127 0.690727 0.346254 0.618547 0.0021189
0 0.28744 0.0442778 0.242136 0.0885556 0.00211627
0 0.823822 0.565704 0.352357 0.69283 0.00211343
0 0.291538 0.422534 0.489268 0.845068 0.00211243
0 0.159943 0.0479331 0.247944 0.0958661 0.00210209
0 0.940136 0.0685862 0.119727 0.137172 0.00210031
0 0.226166 0.866298 0.1725 0.267404 0.00209983
0 0.381319 0.0498541 0.241198 0.0997081 0.00208995
0 0.773899 0.284225 0.452202 0.56845 0.00208321
0 0.856817 0.762898 0.286365 0.474204 0.00207575
0 0.226347 0.402463 0.452694 0.804926 0.00206634
0 0.087695 0.893903 0.17539 0.212193 0.00205581
0 0.101528 0.918149 0.203057 0.163702 0.002047
0 0.72655 0.431165 0.538898 0.770843 0.00203484
0 0.540885 0.193388 0.0205065 0.0473158 0.00203333
0 0.301456 0.790274 0.183504 0.419452 0.00203126
0 0.442794 0.0499612 0.242865 0.0999224 0.00202914
0 0.938195 0.904422 0.123611 0.191156 0.00202778
0 0.0989433 0.444792 0.197887 0.355833 0.00202735
0 0.476425 0.4195 0.462253 0.839 0.00200885
0 0.269925 0.799314 0.169161 0.401372 0.00200814
0 0.3094 0.851745 0.349018 0.29651 0.002007
0 0.838454 0.13028 0.323092 0.26056 0.00200024
0 0.374662 0.772428 0.161613 0.455144 0.00198993
0 0.207034 0.212061 0.414068 0.424123 0.00198084
0 0.725859 0.0509688 0.24294 0.101938 0.00196722
0 0.0658612 0.0539986 0.131722 0.107997 0.0019589
0 0.830392 0.576081 0.0165644 0.0245106 0.00194503
0 0.342316 0.527457 0.42879 0.799295 0.00194062
0 0.272078 0.831086 0.204152 0.337828 0.0019371
0 0.240663 0.476356 0.481325 0.873687 0.00193392
0 0.410098 0.47321 0.409763 0.77402 0.00192825
0 0.545163 0.259247 0.509733 0.518495 0.00192601
0 0.942737 0.210483 0.114525 0.420965 0.0019218
0 0.639224 0.149338 0.48888 0.298675 0.00192169
0 0.450213 0.91621 0.282777 0.167581 0.00192056
0 0.752121 0.345149 0.495759 0.6147 0.00191095
0 0.239743 0.335875 0.479485 0.671751 0.00190804
0 0.505687 0.046218 0.242358 0.0924359 0.00190676
0 0.255359 0.21729 0.510717 0.434581 0.00190482
0 0.611796 0.894578 0.331415 0.210843 0.00189188
0 0.782805 0.828044 0.434389 0.343912 0.00188728
0 0.0787999 0.847032 0.1576 0.305936 0.00188562
0 0.344405 0.770895 0.17583 0.458211 0.00188196
0 0.884656 0.876837 0.230687 0.246326 0.00187487
0 0.663256 0.0494424 0.239861 0.0988848 0.00186873
0 0.851955 0.835687 0.29609 0.328626 0.00186215
0 0.766001 0.141326 0.467997 0.282653 0.00186111
0 0.938653 0.808157 0.122693 0.383686 0.00183677
0 0.409687 0.835119 0.448091 0.329761 0.00183383
0 0.441903 0.218025 0.519133 0.436049 0.00183314
0 0.576647 0.818068 0.483544 0.363864 0.0018298
0 0.163545 0.916268 0.193042 0.167463 0.00182497
0 0.198372 0.908712 0.190533 0.182576 0.00182059
0 0.600084 0.0466407 0.240696 0.0932815 0.00181922
0 0.742393 0.565278 0.515215 0.869443 0.0018094
0 0.334927 0.17963 0.521461 0.35926 0.00180257
0 0.0870342 0.935799 0.174068 0.128401 0.00179762
0 0.0473098 0.906524 0.0946197 0.186953 0.00179101
0 0.276884 0.590189 0.436166 0.783842 0.00178648
0 0.229383 0.902077 0.187489 0.195846 0.0017795
0 0.179314 0.614985 0.358628 0.770031 0.00177842
0 0.838558 0.88798 0.319356 0.22404 0.00177094
0 0.582748 0.484022 0.509768 0.815529 0.00176716
0 0.923209 0.919475 0.153583 0.16105 0.00176202
0 0.0208934 0.375499 0.0417869 0.263542 0.00176108
0 0.0914903 0.497351 0.182981 0.308405 0.00175968
0 0.551632 0.893616 0.33904 0.212767 0.0017579
0 0.111794 0.458568 0.223589 0.575429 0.00175446
0 0.398643 0.757147 0.130536 0.485705 0.00175038
0 0.0210858 0.433439 0.0421715 0.259366 0.00174587
0 0.381825 0.689184 0.312895 0.567847 0.00174363
0 0.34335 0.318946 0.528769 0.637893 0.00174237
0 0.917383 0.873678 0.165233 0.252645 0.00173736
0 0.774698 0.898804 0.319469 0.202391 0.00173706
0 0.490312 0.903814 0.32408 0.192372 0.00173518
0 0.17753 0.247798 0.35506 0.495597 0.0017322
0 0.411748 0.60481 0.361156 0.639641 0.00173201
0 0.348898 0.747104 0.235787 0.505792 0.0017252
0 0.742296 0.262981 0.515407 0.525962 0.00172187
0 0.27623 0.777687 0.205203 0.444626 0.0017116
0 0.401228 0.691269 0.2326 0.533351 0.00170305
0 0.0904878 0.319879 0.180976 0.247519 0.00170168
0 0.0512565 0.925193 0.102513 0.149614 0.0016978
0 0.0213151 0.490948 0.0426301 0.249888 0.00169642
0 0.484627 0.939729 0.260167 0.120541 0.0016911
0 0.0221683 0.257302 0.0443366 0.253479 0.00168832
0 0.0247617 0.77057 0.0495234 0.269322 0.00168762
0 0.643746 0.554194 0.536509 0.859401 0.00168338
0 0.824939 0.332354 0.350122 0.452861 0.00168021
0 0.979189 0.501525 0.0416229 0.480472 0.00167872
0 0.675665 0.902003 0.315525 0.195994 0.00167841
0 0.830894 0.246841 0.338211 0.48326 0.00167747
0 0.709622 0.818904 0.490169 0.362192 0.00167606
0 0.0224635 0.547589 0.0449269 0.243567 0.0016677
0 0.338654 0.919441 0.23805 0.161117 0.00166074
0 0.371393 0.226197 0.539905 0.452395 0.00166047
0 0.121587 0.934388 0.220897 0.131224 0.00165929
0 0.0250472 0.201068 0.0500945 0.248514 0.00165209
0 0.0310758 0.144172 0.0621516 0.258551 0.00164026
0 0.650942 0.418394 0.531791 0.836787 0.00163944
0 0.0290695 0.830506 0.058139 0.291011 0.00163644
0 0.0207262 0.317369 0.0414525 0.25865 0.00163637
0 0.0243062 0.602645 0.0486124 0.24249 0.00163423
0 0.909227 0.831012 0.181545 0.337975 0.00163304
0 0.944056 0.275492 0.111888 0.494356 0.00162625
0 0.0239457 0.656332 0.0478914 0.249253 0.00161943
0 0.480874 0.313813 0.521058 0.627626 0.00161927
0 0.24766 0.76544 0.310407 0.46912 0.0016163
0 0.276949 0.720221 0.350396 0.559558 0.00161478
0 0.0224071 0.712448 0.0448142 0.257338 0.00160981
0 0.283718 0.906891 0.205141 0.186219 0.00160303
0 0.719882 0.219647 0.511565 0.439293 0.00159566
0 0.202267 0.546492 0.404534 0.814571 0.00158876
0 0.970215 0.397851 0.0595707 0.459395 0.00158428
0 0.932123 0.148237 0.135754 0.296475 0.00157819
0 0.034797 0.106434 0.069594 0.212868 0.00157298
0 0.434968 0.0659008 0.322605 0.131802 0.00156779
0 0.939813 0.743399 0.120373 0.497603 0.00156778
0 0.0689751 0.742631 0.13795 0.514739 0.00156765
0 0.883854 0.936548 0.232292 0.126904 0.00156082
0 0.952838 0.333989 0.094325 0.470365 0.00155853
0 0.644964 0.273677 0.509926 0.547355 0.0015574
0 0.21385 0.689788 0.420448 0.620424 0.0015555
0 0.37334 0.0788168 0.327775 0.157634 0.00155246
0 0.605798 0.938482 0.2624 0.123037 0.0015389
0 0.95286 0.689701 0.0942797 0.485271 0.00153059
0 0.555698 0.400649 0.511731 0.801298 0.00152911
0 0.968339 0.633608 0.0633223 0.483016 0.00152738
0 0.497826 0.0724481 0.326748 0.144896 0.0015263
0 0.0721928 0.785703 0.144386 0.284413 0.00152173
0 0.415965 0.729831 0.157389 0.505781 0.00151966
0 0.801212 0.939247 0.24669 0.121507 0.00151854
0 0.185988 0.929819 0.220173 0.140361 0.00151533
0 0.537735 0.93878 0.270681 0.12244 0.00150751
0 0.139106 0.0614836 0.278212 0.122967 0.00150258
0 0.497187 0.578022 0.421438 0.753654 0.00149191
0 0.914576 0.246092 0.170848 0.456528 0.00149142
0 0.400397 0.925834 0.243496 0.148331 0.00148997
0 0.138171 0.260603 0.276341 0.374632 0.00148584
0 0.0776294 0.55505 0.155259 0.271416 0.0014829
0 0.901978 0.126549 0.196044 0.253097 0.00147824
0 0.752511 0.0820564 0.331284 0.164113 0.00147559
0 0.168859 0.455006 0.337719 0.894351 0.00147448
0 0.0759455 0.189761 0.151891 0.232525 0.00147326
0 0.0823108 0.245376 0.164622 0.220714 0.00147137
0 0.671418 0.938996 0.250346 0.122008 0.00147097
0 0.432214 0.939471 0.243774 0.121057 0.00146608
0 0.0394434 0.0719027 0.0788868 0.143805 0.00145844
0 0.129566 0.641093 0.259133 0.717813 0.00145599
0 0.0332185 0.877514 0.066437 0.244972 0.00145425
0 0.561601 0.0875813 0.323981 0.175163 0.00143953
0 0.872061 0.170875 0.255878 0.341751 0.00142824
0 0.686225 0.0733127 0.321497 0.146625 0.00142402
0 0.737371 0.939278 0.241929 0.121444 0.00141971
0 0.061608 0.526572 0.123216 0.44531 0.00140438
0 0.0692641 0.720247 0.138528 0.252163 0.00138311
0 0.309065 0.933993 0.232821 0.132013 0.00136021
0 0.0693696 0.613759 0.138739 0.252879 0.0013546
0 0.0680995 0.665358 0.136199 0.239679 0.00134099
0 0.104692 0.256231 0.0407608 0.072228 0.00134071
0 0.548317 0.193746 0.024006 0.0432618 0.00133952
0 0.248295 0.927556 0.22339 0.144889 0.00131548
0 0.0958455 0.596351 0.191691 0.636531 0.0012931
0 0.115189 0.188255 0.230379 0.264351 0.00128077
0 0.565455 0.187896 0.0164174 0.023276 0.00124222
0 0.367918 0.937405 0.236916 0.125189 0.00123108
0 0.079116 0.0707527 0.158232 0.141505 0.00122516
0 0.0807553 0.112456 0.161511 0.224912 0.00119874
0 0.0561897 0.686366 0.112379 0.378075 0.00118457
0 0.0532018 0.593143 0.106404 0.353828 0.00118143
0 0.142204 0.116572 0.284408 0.233144 0.00115467
0 0.829692 0.581228 0.0171654 0.0349126 0.00107226
0 0.566116 0.197755 0.0147169 0.0201018 0.00104228
0 0.588768 0.169632 0.0160281 0.0184425 0.00103791
