0 0.693625 0.462222 0.00525 0.00755556 1
0 0.848007 0.227043 0.303985 0.454086 0.00319712
0 0.51096 0.232727 0.392821 0.465454 0.00288695
0 0.494689 0.751788 0.391735 0.496424 0.00287621
0 0.898068 0.198219 0.203864 0.396439 0.00285733
0 0.677251 0.802145 0.246328 0.395709 0.00285692
0 0.625625 0.767829 0.327827 0.464342 0.00275223
0 0.553591 0.710256 0.38945 0.579487 0.0027511
0 0.257442 0.21756 0.394488 0.435121 0.00268138
0 0.0399266 0.0650726 0.0798532 0.130145 0.00267634
0 0.255082 0.782867 0.239858 0.434265 0.00263817
0 0.839577 0.748237 0.320845 0.503527 0.00262578
0 0.422825 0.225881 0.372198 0.451762 0.00262441
0 0.803907 0.219018 0.392186 0.438035 0.00261932
0 0.325237 0.222396 0.378868 0.444791 0.00258997
0 0.825727 0.773496 0.348546 0.453008 0.00250296
0 0.931799 0.785933 0.136403 0.428134 0.00249497
0 0.426452 0.769854 0.313416 0.460292 0.00245092
0 0.611222 0.821033 0.335374 0.357934 0.00244614
0 0.944588 0.160987 0.110823 0.321974 0.00234976
0 0.161044 0.762156 0.322088 0.475688 0.00234905
0 0.202141 0.187529 0.385326 0.375057 0.00233273
0 0.86568 0.783782 0.268641 0.432436 0.00233103
0 0.757765 0.17257 0.39634 0.345141 0.0023283
0 0.789101 0.796451 0.297709 0.407099 0.00229529
0 0.59105 0.159973 0.330847 0.319946 0.00229233
0 0.696419 0.829068 0.212871 0.341865 0.0022774
0 0.963237 0.768253 0.0735264 0.444944 0.00224137
0 0.939123 0.0777907 0.121754 0.155581 0.0021907
0 0.950627 0.503067 0.0987462 0.483027 0.00218705
0 0.724491 0.808202 0.19483 0.383595 0.00218156
0 0.116484 0.85531 0.232969 0.28938 0.00218134
0 0.265844 0.757381 0.286291 0.485237 0.00216993
0 0.949912 0.212605 0.100176 0.425211 0.00216147
0 0.217435 0.772022 0.169381 0.455955 0.00215724
0 0.939936 0.918911 0.120128 0.162179 0.00213516
0 0.187921 0.805712 0.137261 0.388577 0.00213193
0 0.483896 0.843898 0.40726 0.312204 0.00211752
0 0.699082 0.762578 0.328329 0.474844 0.00207959
0 0.357369 0.774037 0.211662 0.451925 0.00206982
0 0.14998 0.796091 0.235202 0.407818 0.00203569
0 0.146019 0.687568 0.292038 0.624864 0.00203308
0 0.89325 0.814042 0.2135 0.371916 0.00202222
0 0.949012 0.628843 0.101976 0.493355 0.00201008
0 0.10618 0.906323 0.21236 0.187354 0.00199561
0 0.950226 0.386229 0.0995483 0.492037 0.0019925
0 0.972058 0.198392 0.0558839 0.396784 0.00198963
0 0.499467 0.700961 0.414365 0.598077 0.00197996
0 0.0885307 0.808381 0.177061 0.383238 0.00197819
0 0.0648939 0.0695623 0.129788 0.139125 0.00197616
0 0.743163 0.78005 0.275957 0.439901 0.00196833
0 0.637592 0.110038 0.280265 0.220076 0.00195791
0 0.0356121 0.121751 0.0712241 0.243503 0.00194524
0 0.198948 0.8206 0.207428 0.358799 0.00191545
0 0.833808 0.288715 0.332385 0.577431 0.0019053
0 0.306179 0.78038 0.20811 0.439239 0.00190504
0 0.979465 0.228348 0.0410704 0.456696 0.0018976
0 0.583817 0.642663 0.448388 0.714674 0.00189413
0 0.809096 0.851857 0.345918 0.296286 0.00189303
0 0.97244 0.700132 0.0551208 0.407922 0.00188102
0 0.350853 0.731525 0.29778 0.536951 0.00186683
0 0.691159 0.0524878 0.240182 0.104976 0.00186557
0 0.148077 0.82312 0.296154 0.353761 0.00185748
0 0.172457 0.753914 0.263062 0.492173 0.00185593
0 0.0775007 0.845053 0.155001 0.306013 0.00184938
0 0.88602 0.257095 0.227961 0.514189 0.00183876
0 0.905798 0.0587366 0.188403 0.117473 0.00183711
0 0.865631 0.545727 0.268737 0.715231 0.00183358
0 0.117131 0.59857 0.234262 0.682872 0.00180749
0 0.174765 0.257945 0.349529 0.515889 0.00180212
0 0.847679 0.38709 0.304643 0.77418 0.0017992
0 0.696234 0.8989 0.199358 0.2022 0.00179394
0 0.862255 0.140905 0.27549 0.28181 0.00178627
0 0.0743118 0.931229 0.148624 0.137541 0.0017828
0 0.718227 0.124115 0.33741 0.24823 0.00178142
0 0.0479207 0.905177 0.0958413 0.189646 0.0017757
0 0.250149 0.89891 0.228422 0.202179 0.00177508
0 0.265821 0.723352 0.370021 0.553296 0.0017658
0 0.974478 0.292852 0.0510446 0.368145 0.00176577
0 0.907175 0.897799 0.18565 0.204403 0.0017649
0 0.916638 0.834536 0.166723 0.330928 0.0017626
0 0.973901 0.630719 0.0521984 0.380596 0.00175234
0 0.609997 0.258912 0.398051 0.517824 0.00174646
0 0.459859 0.265864 0.0133347 0.0197378 0.00174328
0 0.973806 0.515585 0.0523886 0.395326 0.00173554
0 0.0515478 0.925471 0.103096 0.149058 0.00173515
0 0.731861 0.722937 0.37022 0.554127 0.0017266
0 0.881643 0.633604 0.236713 0.643457 0.00171195
0 0.772008 0.854545 0.223698 0.29091 0.00170833
0 0.194446 0.348812 0.388892 0.697624 0.00170709
0 0.980282 0.570636 0.0394366 0.44184 0.00170574
0 0.230502 0.846182 0.238764 0.307636 0.00170047
0 0.978843 0.361846 0.0423142 0.441668 0.00169901
0 0.927997 0.128615 0.144006 0.25723 0.00168982
0 0.717202 0.337938 0.476832 0.675876 0.00168272
0 0.53354 0.907879 0.286727 0.184241 0.00167435
0 0.942589 0.870607 0.114823 0.258785 0.00167263
0 0.751914 0.90059 0.206083 0.198819 0.00166193
0 0.0325944 0.768979 0.0651889 0.271998 0.00165737
0 0.0375181 0.369909 0.0750363 0.304113 0.00165614
0 0.755082 0.0432064 0.232185 0.0864127 0.00163856
0 0.783168 0.909407 0.213566 0.181186 0.00163459
0 0.184152 0.631179 0.367555 0.737641 0.0016319
0 0.0628525 0.788023 0.125705 0.423954 0.00163137
0 0.419462 0.708844 0.360545 0.582312 0.00163095
0 0.0740103 0.785664 0.148021 0.285737 0.00163
0 0.315861 0.900072 0.215936 0.199855 0.00162317
0 0.704139 0.0713717 0.294443 0.142743 0.00162119
0 0.841539 0.921302 0.229757 0.157397 0.00162006
0 0.63479 0.906763 0.20489 0.186475 0.00161765
0 0.97304 0.416452 0.0539195 0.40035 0.00161182
0 0.459249 0.912727 0.247402 0.174546 0.00161017
0 0.761409 0.522788 0.418677 0.805584 0.00161008
0 0.0355539 0.828713 0.0711077 0.291985 0.00160972
0 0.391944 0.840891 0.30346 0.318219 0.00160718
0 0.0301207 0.652754 0.0602414 0.260796 0.00160317
0 0.690422 0.609742 0.421737 0.780515 0.00160152
0 0.36567 0.661202 0.392167 0.677596 0.00160145
0 0.479926 0.298665 0.427226 0.59733 0.00159766
0 0.150777 0.906159 0.218614 0.187682 0.00159574
0 0.741527 0.0989788 0.313787 0.197958 0.00159568
0 0.269548 0.834796 0.258426 0.330407 0.00159475
0 0.833318 0.52632 0.333365 0.852117 0.00159383
0 0.522022 0.615342 0.0152025 0.0263187 0.00158856
0 0.459161 0.257011 0.0123445 0.0204731 0.00158104
0 0.287477 0.0418796 0.22924 0.0837591 0.0015753
0 0.529175 0.120395 0.309577 0.240791 0.00157213
0 0.186073 0.862052 0.214941 0.275897 0.00156986
0 0.853607 0.0527196 0.235589 0.105439 0.00156967
0 0.0301307 0.710397 0.0602614 0.261477 0.00156918
0 0.896577 0.702164 0.206845 0.587659 0.00156655
0 0.0344959 0.202585 0.0689917 0.288198 0.00156551
0 0.704715 0.287899 0.422112 0.575798 0.00156412
0 0.19177 0.909249 0.211248 0.181501 0.00155491
0 0.0715772 0.403626 0.143154 0.381278 0.00155213
0 0.0365548 0.315318 0.0731095 0.294329 0.00155124
0 0.375924 0.906556 0.223256 0.186887 0.00155027
0 0.785937 0.2911 0.428125 0.5822 0.00154545
0 0.278999 0.290397 0.45439 0.580793 0.0015446
0 0.766571 0.668742 0.396386 0.662517 0.00153873
0 0.0358041 0.260427 0.0716083 0.289142 0.00153818
0 0.799556 0.44603 0.400887 0.877731 0.00153732
0 0.225425 0.0432825 0.231637 0.0865649 0.00153659
0 0.218547 0.406262 0.437095 0.812524 0.00153486
0 0.104034 0.930873 0.208067 0.138255 0.00153473
0 0.244416 0.137783 0.313585 0.275566 0.00153467
0 0.816433 0.12658 0.332708 0.253161 0.00152981
0 0.349947 0.0395548 0.226104 0.0791097 0.00152872
0 0.0293361 0.594652 0.0586722 0.268322 0.00152459
0 0.907962 0.933567 0.184075 0.132867 0.00152009
0 0.0730424 0.724887 0.146085 0.270009 0.0015171
0 0.343684 0.834481 0.24021 0.331039 0.00151522
0 0.821243 0.046593 0.234624 0.0931859 0.00151345
0 0.0874545 0.690583 0.174909 0.600403 0.00151307
0 0.795864 0.61239 0.408272 0.769254 0.00150647
0 0.509 0.0496993 0.230192 0.0993986 0.00150347
0 0.292599 0.6751 0.395309 0.649799 0.00150188
0 0.244884 0.930909 0.231094 0.138181 0.00150029
0 0.799785 0.738325 0.35947 0.523351 0.00149628
0 0.357192 0.538808 0.433827 0.828615 0.00149367
0 0.693971 0.401546 0.469518 0.803091 0.00149246
0 0.743722 0.384732 0.342955 0.345089 0.00149063
0 0.0625357 0.71626 0.125071 0.362101 0.00148976
0 0.68539 0.928804 0.220855 0.142392 0.00148513
0 0.163387 0.394018 0.326774 0.779769 0.00148487
0 0.298274 0.129788 0.293771 0.259575 0.00148182
0 0.413394 0.0397682 0.22429 0.0795365 0.00148145
0 0.160855 0.0457521 0.236809 0.0915042 0.0014729
0 0.800919 0.392339 0.398162 0.604193 0.00146874
0 0.0346555 0.472434 0.069311 0.300874 0.00146786
0 0.690244 0.478877 0.372471 0.618351 0.00146729
0 0.55355 0.0944235 0.288273 0.188847 0.00146469
0 0.647515 0.489054 0.450943 0.837734 0.00146189
0 0.593415 0.314285 0.453063 0.628569 0.0014618
0 0.488583 0.64681 0.396661 0.630767 0.0014607
0 0.38801 0.298835 0.422709 0.59767 0.0014606
0 0.180347 0.523229 0.360693 0.680706 0.00145784
0 0.4722 0.125141 0.316728 0.250283 0.00145569
0 0.515867 0.616307 0.439577 0.767386 0.0014546
0 0.304082 0.408089 0.481356 0.816178 0.00145263
0 0.61935 0.578934 0.458664 0.842132 0.0014487
0 0.0315956 0.529533 0.0631912 0.284245 0.00144795
0 0.0619997 0.303945 0.123999 0.56751 0.00144792
0 0.730571 0.28718 0.400123 0.480778 0.00144149
0 0.830096 0.629585 0.339808 0.721331 0.00143731
0 0.486379 0.537246 0.364861 0.470018 0.00143428
0 0.361877 0.123316 0.289932 0.246632 0.00143273
0 0.639691 0.052527 0.225269 0.105054 0.001429
0 0.572924 0.0534994 0.228949 0.106999 0.00142799
0 0.0705987 0.181667 0.141197 0.363334 0.00142468
0 0.78785 0.289369 0.410977 0.543188 0.00141584
0 0.469458 0.421069 0.406507 0.453969 0.00141562
0 0.184537 0.13059 0.317296 0.26118 0.00141359
0 0.572032 0.38133 0.44797 0.76266 0.00141313
0 0.0867899 0.438301 0.136707 0.405755 0.00140923
0 0.0702922 0.306132 0.140584 0.333547 0.0014081
0 0.434633 0.452293 0.432217 0.674027 0.0014037
0 0.284234 0.544988 0.438286 0.793251 0.00139998
0 0.843623 0.700485 0.312754 0.59903 0.00139832
0 0.76982 0.258412 0.46036 0.516823 0.00139117
0 0.522464 0.937456 0.23744 0.125087 0.00138602
0 0.0370252 0.875202 0.0740505 0.249597 0.00138215
0 0.705772 0.386712 0.351029 0.403298 0.00138007
0 0.622697 0.932284 0.223399 0.135433 0.00136951
0 0.532082 0.552811 0.380437 0.608385 0.00136919
0 0.747926 0.928855 0.224493 0.14229 0.00136313
0 0.805567 0.320846 0.388865 0.641693 0.00135968
0 0.110132 0.438972 0.220265 0.715335 0.00135943
0 0.109198 0.0502637 0.218395 0.100527 0.00135873
0 0.405622 0.421418 0.454112 0.842836 0.00135737
0 0.583499 0.934452 0.237455 0.131096 0.00135654
0 0.56598 0.49882 0.45313 0.848907 0.00135562
0 0.808399 0.935375 0.230414 0.129249 0.00134795
0 0.0726587 0.125594 0.145317 0.251189 0.00134676
0 0.0701921 0.242467 0.140384 0.34513 0.00134469
0 0.0898492 0.254453 0.179698 0.508907 0.001344
0 0.0732073 0.661918 0.146415 0.285504 0.00133848
0 0.469773 0.369084 0.450532 0.738168 0.0013305
0 0.340241 0.324189 0.470044 0.648378 0.00132835
0 0.523256 0.603858 0.0143466 0.0279022 0.00132478
0 0.459529 0.259526 0.0142485 0.0220457 0.00132445
0 0.184916 0.932321 0.228644 0.135357 0.00132314
0 0.512657 0.454523 0.417921 0.582629 0.00131828
0 0.869623 0.937221 0.237771 0.125558 0.00130921
0 0.536513 0.27243 0.433961 0.544859 0.00129699
0 0.0712813 0.488801 0.142563 0.365225 0.00127927
0 0.0793143 0.587464 0.158629 0.648757 0.00127103
0 0.309678 0.928876 0.226105 0.142249 0.00125719
0 0.580814 0.0666414 0.278798 0.133283 0.00123739
0 0.46103 0.936536 0.236064 0.126928 0.00123073
0 0.0642998 0.620405 0.1286 0.432997 0.00123058
0 0.0721106 0.574106 0.144221 0.331532 0.00119354
0 0.370665 0.932597 0.231323 0.134806 0.00115787
0 0.131381 0.139149 0.262761 0.278298 0.0011009
0 0.459261 0.269065 0.0144631 0.0239428 0.00110019
0 0.083551 0.397099 0.167102 0.688848 0.00100848
