0 0.487375 0.478 0.015 0.0333334 1
0 0.648 0.682753 0.475149 0.634493 0.0044551
0 0.246736 0.211282 0.433192 0.422563 0.00350185
0 0.547952 0.668879 0.49346 0.662242 0.00341721
0 0.808981 0.245568 0.382039 0.491136 0.00336747
0 0.198917 0.193214 0.397833 0.386428 0.00320745
0 0.645477 0.764105 0.445388 0.471791 0.00319152
0 0.299392 0.181499 0.450284 0.362997 0.00304618
0 0.731646 0.69311 0.418496 0.61378 0.00302355
0 0.535591 0.258123 0.448343 0.516246 0.00286441
0 0.35019 0.143081 0.462443 0.286161 0.00256018
0 0.793651 0.298402 0.412699 0.596803 0.00251889
0 0.453934 0.757963 0.391293 0.484075 0.00249423
0 0.0390357 0.0575386 0.0780713 0.115077 0.00249261
0 0.936947 0.794828 0.126106 0.410343 0.00248887
0 0.312024 0.783425 0.37658 0.433151 0.00244095
0 0.958293 0.805773 0.0834131 0.388453 0.00243777
0 0.469927 0.220394 0.435866 0.440787 0.00243126
0 0.254454 0.36804 0.508908 0.73608 0.00240793
0 0.694484 0.633589 0.495094 0.732822 0.00237706
0 0.9712 0.774684 0.0576008 0.422274 0.00237464
0 0.858481 0.199079 0.283038 0.398159 0.00236148
0 0.497116 0.834851 0.474669 0.330298 0.00236112
0 0.428464 0.178937 0.445021 0.357873 0.00235452
0 0.732291 0.785433 0.405426 0.429134 0.00233044
0 0.936159 0.609552 0.127681 0.595606 0.00229745
0 0.788642 0.855878 0.356471 0.288245 0.00227481
0 0.426589 0.797872 0.385961 0.404255 0.00226024
0 0.795681 0.690024 0.408638 0.619951 0.00225728
0 0.40113 0.772837 0.403257 0.454326 0.00223001
0 0.491576 0.746822 0.456074 0.506356 0.00222708
0 0.840939 0.763689 0.318121 0.472622 0.00218819
0 0.720202 0.339178 0.244473 0.405963 0.00218524
0 0.276467 0.502403 0.519119 0.789021 0.00214297
0 0.928093 0.158387 0.143814 0.316775 0.00214217
0 0.947136 0.432165 0.105727 0.431458 0.00212738
0 0.653828 0.291842 0.408275 0.583684 0.00211122
0 0.53037 0.904021 0.303653 0.191958 0.00210946
0 0.935633 0.0767356 0.128735 0.153471 0.00210003
0 0.93556 0.255501 0.12888 0.497919 0.00207803
0 0.887978 0.805178 0.224044 0.389644 0.00205882
0 0.262853 0.748928 0.428428 0.502145 0.00205671
0 0.702729 0.300373 0.186671 0.393749 0.00205431
0 0.921369 0.844075 0.157263 0.31185 0.00204515
0 0.335332 0.843984 0.245135 0.312033 0.00202404
0 0.135769 0.7548 0.271538 0.4904 0.00202235
0 0.655448 0.850284 0.367671 0.299432 0.00201954
0 0.393595 0.855113 0.313764 0.289775 0.00201673
0 0.302537 0.302234 0.544991 0.604467 0.00200951
0 0.839163 0.399935 0.321674 0.624585 0.00200532
0 0.807078 0.923419 0.2398 0.153162 0.00200089
0 0.974096 0.699069 0.0518073 0.379223 0.00199706
0 0.974721 0.631237 0.0505588 0.372243 0.00199581
0 0.937311 0.205483 0.125377 0.410965 0.00198904
0 0.940797 0.914141 0.118406 0.171718 0.00198646
0 0.834343 0.821756 0.331313 0.356487 0.00196967
0 0.596454 0.336478 0.511863 0.672956 0.00195984
0 0.0883768 0.926379 0.176754 0.147241 0.00195624
0 0.366038 0.868338 0.226646 0.263323 0.00195607
0 0.886736 0.856857 0.226528 0.286286 0.00195503
0 0.398435 0.416042 0.495142 0.692952 0.00195337
0 0.273705 0.826861 0.335915 0.346278 0.00195213
0 0.840477 0.150342 0.319046 0.300684 0.00195048
0 0.687513 0.384747 0.448699 0.638365 0.00194218
0 0.495596 0.320334 0.510267 0.640667 0.00194179
0 0.685135 0.911346 0.233243 0.177308 0.00193149
0 0.676275 0.250484 0.245092 0.500968 0.00193097
0 0.797619 0.375479 0.404762 0.750958 0.00192857
0 0.825243 0.517286 0.349513 0.800579 0.00192756
0 0.778705 0.42165 0.301625 0.391025 0.00192057
0 0.451061 0.486165 0.469841 0.796136 0.00191609
0 0.0879941 0.4829 0.175988 0.562921 0.00191281
0 0.341302 0.343031 0.501467 0.630559 0.001912
0 0.705897 0.280501 0.278024 0.561003 0.00190215
0 0.329308 0.87694 0.171592 0.24612 0.00189775
0 0.245183 0.58706 0.490365 0.825881 0.00188657
0 0.974061 0.51263 0.0518776 0.3784 0.00187968
0 0.770934 0.568052 0.458131 0.863897 0.00186987
0 0.773737 0.407526 0.343784 0.499224 0.00186643
0 0.0507766 0.915789 0.101553 0.168422 0.00186141
0 0.192234 0.693956 0.384467 0.612089 0.00185591
0 0.226135 0.263812 0.452269 0.527624 0.00183061
0 0.284186 0.875075 0.187479 0.24985 0.0018299
0 0.876607 0.915047 0.220848 0.169906 0.00182207
0 0.981099 0.569532 0.0378017 0.435571 0.00182067
0 0.0979268 0.824003 0.195854 0.351994 0.00181802
0 0.853478 0.057549 0.239041 0.115098 0.00181586
0 0.78973 0.737262 0.42054 0.525477 0.00180371
0 0.167828 0.855643 0.335655 0.288713 0.00179308
0 0.896748 0.314233 0.206503 0.581749 0.0017876
0 0.206627 0.868063 0.296718 0.263874 0.00178692
0 0.397115 0.546678 0.506488 0.863905 0.00177786
0 0.758067 0.43971 0.483866 0.832372 0.00177674
0 0.972713 0.413933 0.0545739 0.389066 0.00177488
0 0.958674 0.231156 0.0826518 0.462311 0.00177417
0 0.156541 0.245666 0.313082 0.491333 0.00177168
0 0.75804 0.336265 0.422129 0.658679 0.00176763
0 0.031531 0.115355 0.063062 0.23071 0.00176758
0 0.847876 0.640432 0.304247 0.719135 0.00175961
0 0.0681139 0.539911 0.136228 0.50308 0.00175926
0 0.55107 0.938274 0.245463 0.123453 0.00175841
0 0.135398 0.924982 0.269583 0.150036 0.00175814
0 0.970635 0.293699 0.0587307 0.43066 0.00175456
0 0.0719966 0.456062 0.143993 0.295408 0.0017526
0 0.296638 0.917307 0.178581 0.165387 0.00175209
0 0.063957 0.0598898 0.127914 0.11978 0.00174223
0 0.150917 0.842491 0.301834 0.315017 0.00174203
0 0.196442 0.579267 0.392883 0.841466 0.00174145
0 0.122167 0.85022 0.244334 0.29956 0.00173891
0 0.258519 0.922775 0.192293 0.154449 0.00173497
0 0.595668 0.626431 0.543854 0.747137 0.00173435
0 0.919561 0.89748 0.160878 0.205039 0.00173309
0 0.110836 0.392238 0.221672 0.623172 0.00173045
0 0.322987 0.682863 0.446023 0.634274 0.00172472
0 0.906238 0.0627991 0.187524 0.125598 0.00172381
0 0.0375358 0.0875765 0.0750715 0.175153 0.00171827
0 0.0279619 0.146089 0.0559239 0.284433 0.00171472
0 0.640438 0.439763 0.514808 0.879526 0.00171077
0 0.541051 0.416735 0.537685 0.83347 0.00170332
0 0.0257065 0.540329 0.0514129 0.275058 0.00170082
0 0.099185 0.883204 0.19837 0.233593 0.00169852
0 0.191708 0.220555 0.383416 0.44111 0.00169698
0 0.213147 0.925424 0.225039 0.149151 0.00169484
0 0.347305 0.912311 0.194867 0.175378 0.00169269
0 0.705979 0.541649 0.507849 0.89876 0.00169185
0 0.757077 0.918895 0.280616 0.16221 0.00169037
0 0.946451 0.870948 0.107098 0.258104 0.00167916
0 0.0305428 0.828161 0.0610857 0.308086 0.00167907
0 0.179732 0.936954 0.231398 0.126091 0.00167861
0 0.591276 0.919725 0.29274 0.160549 0.00167792
0 0.979741 0.458544 0.0405178 0.443144 0.00167708
0 0.380198 0.277813 0.525251 0.555626 0.00167574
0 0.592987 0.843286 0.4447 0.313428 0.00166542
0 0.83785 0.935577 0.229626 0.128846 0.00166493
0 0.323508 0.57873 0.504715 0.84254 0.00166419
0 0.0240933 0.760398 0.0481866 0.288119 0.00166291
0 0.252708 0.135072 0.332039 0.270143 0.00166272
0 0.68147 0.937693 0.230854 0.124613 0.00166254
0 0.410463 0.922248 0.219237 0.155505 0.00166115
0 0.147547 0.524378 0.295095 0.603208 0.0016608
0 0.117469 0.938738 0.234938 0.122523 0.00165763
0 0.0774108 0.510981 0.154822 0.308563 0.00165687
0 0.177785 0.269989 0.355569 0.539977 0.00165377
0 0.88018 0.136486 0.239639 0.272972 0.00164244
0 0.0263684 0.20535 0.0527368 0.272203 0.00163351
0 0.0255363 0.259525 0.0510726 0.26809 0.00163198
0 0.415942 0.326268 0.535143 0.652537 0.00163191
0 0.205745 0.784283 0.41149 0.431434 0.00162489
0 0.118701 0.677025 0.237402 0.645951 0.00161954
0 0.638832 0.57496 0.523659 0.850081 0.00161711
0 0.0245017 0.589629 0.0490033 0.278496 0.00161011
0 0.977966 0.339941 0.0440676 0.473391 0.00159891
0 0.317374 0.135243 0.34259 0.270485 0.00159143
0 0.770274 0.935698 0.246323 0.128603 0.00158424
0 0.281176 0.932899 0.214684 0.134201 0.00157899
0 0.788165 0.0523665 0.24301 0.104733 0.00157846
0 0.0235977 0.376938 0.0471953 0.259493 0.00157389
0 0.185267 0.456243 0.370534 0.820253 0.00157149
0 0.0688257 0.390411 0.137651 0.28189 0.00157066
0 0.0242484 0.318468 0.0484969 0.263352 0.00155922
0 0.456935 0.92266 0.246068 0.154681 0.00155387
0 0.136329 0.305122 0.272658 0.610244 0.00155106
0 0.579608 0.501118 0.529205 0.903615 0.00155077
0 0.411387 0.620408 0.470682 0.759185 0.00154995
0 0.727645 0.262971 0.395928 0.525942 0.00154863
0 0.230418 0.656769 0.460835 0.686461 0.00154565
0 0.0253384 0.488224 0.0506769 0.271713 0.00153349
0 0.21387 0.401795 0.42774 0.803589 0.00153038
0 0.537227 0.0521 0.2409 0.1042 0.00152468
0 0.318837 0.0476959 0.238201 0.0953918 0.0015172
0 0.452224 0.679383 0.430658 0.641233 0.00151563
0 0.0244415 0.43226 0.048883 0.263708 0.00151452
0 0.0378733 0.883543 0.0757465 0.232914 0.00151288
0 0.791047 0.412225 0.417906 0.626312 0.00151274
0 0.0731266 0.324441 0.146253 0.278112 0.00150702
0 0.178905 0.346907 0.357809 0.693813 0.00150255
0 0.0780379 0.775772 0.156076 0.351997 0.0014997
0 0.224802 0.0508583 0.238028 0.101717 0.0014973
0 0.0611967 0.602739 0.122393 0.273749 0.0014964
0 0.187353 0.131142 0.334227 0.262283 0.00148585
0 0.177842 0.749855 0.355684 0.500289 0.00148527
0 0.0740544 0.560237 0.148109 0.288927 0.00148524
0 0.082535 0.205516 0.16507 0.342739 0.00148189
0 0.503549 0.562944 0.4967 0.874113 0.00147753
0 0.341269 0.930696 0.222121 0.138607 0.00146854
0 0.162381 0.0516626 0.240291 0.103325 0.00146529
0 0.382936 0.0491439 0.23653 0.0982879 0.00146348
0 0.197158 0.545632 0.394317 0.671243 0.00146093
0 0.0571545 0.586662 0.114309 0.416581 0.00145713
0 0.0221046 0.642608 0.0442093 0.282586 0.00145689
0 0.443643 0.0510848 0.241186 0.10217 0.00145641
0 0.538348 0.138883 0.336087 0.277766 0.00145604
0 0.895192 0.932399 0.209616 0.135203 0.00145542
0 0.0691297 0.637502 0.138259 0.530349 0.00144974
0 0.0775516 0.266151 0.155103 0.29244 0.0014333
0 0.79069 0.136184 0.337552 0.272367 0.00143265
0 0.0207919 0.700157 0.0415839 0.281359 0.00142943
0 0.60352 0.0520464 0.233678 0.104093 0.00142473
0 0.110152 0.0516931 0.220304 0.103386 0.00141963
0 0.146567 0.605468 0.293134 0.789063 0.00137601
0 0.0439933 0.647 0.0879867 0.291448 0.00137044
0 0.0882936 0.154206 0.176587 0.308412 0.00135378
0 0.375906 0.126107 0.340574 0.252214 0.00134526
0 0.431942 0.937178 0.231163 0.125644 0.00134046
0 0.0480332 0.705822 0.0960664 0.318213 0.00133041
0 0.612384 0.937423 0.246163 0.125154 0.00132825
0 0.145654 0.133896 0.291308 0.267793 0.00130855
0 0.726074 0.0504889 0.237506 0.100978 0.00130562
0 0.665764 0.0505315 0.235226 0.101063 0.00128853
0 0.493242 0.938387 0.242125 0.123227 0.00124981
0 0.472965 0.119316 0.332275 0.238631 0.00123902
0 0.904206 0.454461 0.0217747 0.0588011 0.00121968
0 0.616272 0.150017 0.301728 0.300035 0.00117778
0 0.714084 0.13058 0.310377 0.261159 0.00104479
