0 0.474 0.537778 0.0135 0.0426667 1
0 0.42625 0.392667 0.00575003 0.0142222 1
0 0.175302 0.478371 0.0226762 0.0419837 0.00420044
0 0.382924 0.689575 0.443747 0.620849 0.00352784
0 0.48022 0.198442 0.0133082 0.0331865 0.00319547
0 0.373263 0.750664 0.419089 0.498671 0.002841
0 0.814854 0.29876 0.370293 0.59752 0.00271197
0 0.241277 0.487566 0.0221925 0.0379308 0.00261932
0 0.804053 0.110269 0.391895 0.220538 0.00254075
0 0.332705 0.0827775 0.305884 0.165555 0.00252014
0 0.842202 0.30281 0.315597 0.527218 0.00249807
0 0.344638 0.0534677 0.25332 0.106935 0.00248373
0 0.882312 0.266975 0.235376 0.533951 0.00247789
0 0.658536 0.897876 0.234766 0.204249 0.00246524
0 0.668437 0.678536 0.458998 0.642928 0.0024372
0 0.558495 0.137539 0.36516 0.275077 0.00243138
0 0.856005 0.0538221 0.264272 0.107644 0.00240228
0 0.922424 0.24892 0.155152 0.497839 0.00237517
0 0.629397 0.487575 0.5338 0.874945 0.00237211
0 0.283757 0.0876281 0.332518 0.175256 0.00236079
0 0.65387 0.882375 0.352275 0.235251 0.00234568
0 0.920263 0.0649388 0.159473 0.129878 0.00234403
0 0.220955 0.089461 0.342262 0.178922 0.00232708
0 0.595924 0.89226 0.122242 0.215479 0.00232634
0 0.66443 0.728667 0.442156 0.542666 0.00230128
0 0.270559 0.120502 0.415434 0.241004 0.0022836
0 0.889205 0.62389 0.221589 0.628124 0.00225681
0 0.940304 0.0792363 0.119392 0.158473 0.00224908
0 0.537384 0.0955315 0.359318 0.191063 0.00223749
0 0.0408387 0.0574705 0.0816774 0.114941 0.00222138
0 0.602465 0.0855217 0.347161 0.171043 0.00221672
0 0.28922 0.0514711 0.248085 0.102942 0.00220826
0 0.606133 0.787725 0.297111 0.42455 0.00220591
0 0.592863 0.389692 0.53572 0.779384 0.00220124
0 0.732235 0.65695 0.497611 0.6861 0.00218752
0 0.812871 0.521183 0.374258 0.799135 0.0021735
0 0.359244 0.602408 0.526003 0.795184 0.00215056
0 0.84627 0.0678609 0.30746 0.135722 0.00214759
0 0.728961 0.84165 0.467195 0.316699 0.00214573
0 0.298135 0.73407 0.415728 0.531859 0.00213193
0 0.466734 0.848273 0.388545 0.303454 0.00212689
0 0.88099 0.710453 0.23802 0.579095 0.00212564
0 0.368408 0.509379 0.56194 0.825821 0.00211728
0 0.238941 0.483092 0.0168626 0.0375654 0.00210363
0 0.221014 0.699953 0.442028 0.600095 0.00209654
0 0.485163 0.681048 0.484243 0.637904 0.00209383
0 0.85187 0.735294 0.296261 0.529411 0.00208872
0 0.117102 0.866776 0.234205 0.266448 0.00207862
0 0.176771 0.882284 0.220365 0.235432 0.00207669
0 0.202368 0.117339 0.404736 0.234678 0.00207448
0 0.908761 0.767742 0.182478 0.464516 0.00207169
0 0.219398 0.877441 0.202332 0.245118 0.00206804
0 0.697091 0.933464 0.185522 0.133072 0.00206524
0 0.491512 0.869784 0.281668 0.260432 0.00206075
0 0.793248 0.0532001 0.256392 0.1064 0.00204462
0 0.939731 0.917994 0.120538 0.164012 0.00204356
0 0.871795 0.521973 0.25641 0.550538 0.00204243
0 0.815951 0.66807 0.368098 0.663861 0.00203312
0 0.798299 0.317959 0.403402 0.635919 0.00202957
0 0.94135 0.822461 0.117299 0.355077 0.00202019
0 0.339033 0.842803 0.393338 0.314395 0.00201853
0 0.110531 0.0515149 0.221061 0.10303 0.00201301
0 0.396136 0.395115 0.572256 0.79023 0.00201096
0 0.741927 0.360967 0.516146 0.721935 0.00200786
0 0.886744 0.93777 0.226512 0.124459 0.00200116
0 0.193309 0.0396979 0.24452 0.0793959 0.00199945
0 0.21903 0.815906 0.365573 0.368187 0.00198921
0 0.884366 0.884154 0.231268 0.231692 0.00198479
0 0.678236 0.39782 0.544476 0.795639 0.00197657
0 0.932257 0.145876 0.135485 0.291753 0.00197336
0 0.856996 0.922438 0.286008 0.155123 0.00196182
0 0.777015 0.932316 0.235805 0.135368 0.00195836
0 0.176632 0.761155 0.353263 0.477691 0.00195549
0 0.959616 0.711335 0.0807684 0.392403 0.00194673
0 0.499691 0.0754854 0.340399 0.150971 0.00194426
0 0.299552 0.818807 0.341691 0.362386 0.00193835
0 0.0667795 0.0582345 0.133559 0.116469 0.00193602
0 0.102245 0.919952 0.20449 0.160096 0.00193469
0 0.773415 0.0932288 0.422491 0.186458 0.00193379
0 0.274089 0.865176 0.215017 0.269649 0.00193139
0 0.493212 0.384478 0.562569 0.768957 0.00191124
0 0.815031 0.757491 0.369939 0.485017 0.00190342
0 0.970078 0.64215 0.0598433 0.383238 0.00189984
0 0.955325 0.200657 0.0893509 0.401314 0.00189191
0 0.890791 0.839029 0.218417 0.321942 0.00188958
0 0.942884 0.282494 0.114231 0.481759 0.00188341
0 0.311356 0.856435 0.266925 0.28713 0.00187749
0 0.300387 0.179881 0.393732 0.303421 0.0018687
0 0.148185 0.082719 0.296369 0.165438 0.00186721
0 0.626669 0.594356 0.497619 0.811289 0.00186018
0 0.0882562 0.899224 0.176512 0.201553 0.00184925
0 0.222343 0.228898 0.444686 0.457795 0.00183933
0 0.55884 0.902845 0.205702 0.194311 0.00183835
0 0.516432 0.936301 0.250296 0.127398 0.00183331
0 0.260005 0.206993 0.45761 0.413986 0.00182879
0 0.517463 0.894797 0.299899 0.210406 0.00182838
0 0.474256 0.909649 0.30025 0.180701 0.00182647
0 0.849637 0.844805 0.300727 0.310391 0.00182185
0 0.763402 0.432777 0.473197 0.796697 0.00182089
0 0.668224 0.0735894 0.267157 0.147179 0.00181941
0 0.407333 0.0756453 0.2916 0.151291 0.00181381
0 0.648646 0.922536 0.132069 0.154928 0.00181349
0 0.178772 0.481518 0.023164 0.0493754 0.00181193
0 0.161979 0.919677 0.197863 0.160646 0.00181083
0 0.971135 0.578274 0.057731 0.37159 0.00180765
0 0.458019 0.64172 0.506826 0.716561 0.00180671
0 0.542496 0.442958 0.54612 0.885915 0.00180407
0 0.695017 0.0524604 0.243275 0.104921 0.00180205
0 0.357293 0.220176 0.33786 0.230598 0.00179834
0 0.300783 0.226628 0.4301 0.417578 0.00179026
0 0.196827 0.916469 0.190717 0.167062 0.00178825
0 0.941827 0.193827 0.116346 0.387654 0.00178159
0 0.834818 0.938531 0.236694 0.122939 0.00178054
0 0.740075 0.0772755 0.329358 0.154551 0.00177822
0 0.228254 0.913315 0.194348 0.17337 0.00177707
0 0.0471843 0.908615 0.0943686 0.182769 0.00177365
0 0.976262 0.567506 0.0474754 0.46993 0.001773
0 0.754163 0.314132 0.491674 0.628264 0.00176306
0 0.0512443 0.926039 0.102489 0.147922 0.0017563
0 0.086746 0.936097 0.173492 0.127806 0.00175584
0 0.407164 0.0471929 0.242854 0.0943859 0.00174471
0 0.889114 0.105943 0.221771 0.211887 0.00174459
0 0.648656 0.331466 0.543262 0.662932 0.00174369
0 0.778138 0.691395 0.443724 0.617211 0.0017371
0 0.32717 0.114042 0.32889 0.217739 0.00173545
0 0.555755 0.300079 0.534493 0.600159 0.00173163
0 0.927132 0.79175 0.145737 0.406117 0.00172833
0 0.79055 0.838945 0.418901 0.32211 0.00172504
0 0.170284 0.108062 0.340567 0.216125 0.00172446
0 0.427608 0.302581 0.566629 0.605162 0.00171787
0 0.943522 0.750472 0.112956 0.499056 0.00171728
0 0.921476 0.926077 0.157048 0.147845 0.0017087
0 0.744649 0.938422 0.229457 0.123157 0.00170849
0 0.285659 0.912663 0.204057 0.174674 0.00170383
0 0.368883 0.0671733 0.277457 0.134347 0.00170329
0 0.288916 0.572986 0.538064 0.854027 0.00169853
0 0.525343 0.739199 0.268214 0.521603 0.00169602
0 0.364796 0.265949 0.374366 0.339735 0.0016958
0 0.143666 0.635517 0.287332 0.568186 0.00168561
0 0.779142 0.567885 0.441716 0.762541 0.00168368
0 0.730557 0.501111 0.503597 0.792051 0.00168107
0 0.244025 0.605998 0.488049 0.788003 0.00168106
0 0.346219 0.920647 0.222994 0.158706 0.0016697
0 0.0254866 0.769177 0.0509731 0.259083 0.00166072
0 0.305739 0.401517 0.561862 0.704177 0.00165484
0 0.0228171 0.269909 0.0456342 0.249538 0.00165007
0 0.12143 0.934805 0.222249 0.13039 0.00164484
0 0.506822 0.800487 0.272025 0.399025 0.00164425
0 0.968277 0.448696 0.063445 0.467046 0.00164199
0 0.0734447 0.613348 0.146889 0.269386 0.00164055
0 0.253855 0.306292 0.507711 0.612583 0.00163838
0 0.464093 0.474186 0.565104 0.853939 0.00163322
0 0.213352 0.452317 0.426704 0.735798 0.00162479
0 0.573593 0.195083 0.454456 0.390166 0.00162265
0 0.824956 0.427679 0.350087 0.551438 0.00161748
0 0.0661176 0.554027 0.132235 0.260937 0.00161366
0 0.0787663 0.850188 0.157533 0.286003 0.00161361
0 0.961137 0.392716 0.0777266 0.484381 0.00161121
0 0.0284325 0.832001 0.056865 0.279191 0.0016094
0 0.65606 0.158983 0.348065 0.317966 0.00160911
0 0.0251754 0.375156 0.0503508 0.250481 0.00160603
0 0.515743 0.586403 0.527253 0.827195 0.00160412
0 0.226733 0.297733 0.453466 0.595467 0.00159755
0 0.962294 0.272299 0.0754114 0.530909 0.00159421
0 0.0251881 0.485973 0.0503761 0.255597 0.00159399
0 0.667997 0.935745 0.195163 0.128511 0.00159265
0 0.0229131 0.322779 0.0458262 0.251313 0.00159208
0 0.0262514 0.429746 0.0525028 0.253193 0.00159031
0 0.0289075 0.655393 0.0578151 0.234986 0.00158261
0 0.19398 0.258421 0.38796 0.516843 0.00157693
0 0.481258 0.741507 0.403126 0.516987 0.00157661
0 0.0252022 0.211004 0.0504044 0.241118 0.0015725
0 0.409368 0.243236 0.444246 0.486473 0.00157209
0 0.139747 0.813078 0.279494 0.373844 0.00157054
0 0.689584 0.593725 0.504238 0.782962 0.00156634
0 0.179402 0.244245 0.358804 0.488491 0.00156274
0 0.394668 0.920637 0.249367 0.158727 0.00156228
0 0.506792 0.0465113 0.23847 0.0930226 0.00156153
0 0.051489 0.330178 0.102978 0.235834 0.00155013
0 0.024604 0.543403 0.0492079 0.2562 0.00154863
0 0.331661 0.279197 0.473953 0.558395 0.00154454
0 0.56839 0.0448959 0.237844 0.0897917 0.00153888
0 0.4449 0.0431658 0.232689 0.0863316 0.00153874
0 0.431206 0.229424 0.356607 0.312304 0.00153559
0 0.644816 0.263259 0.471974 0.526517 0.00152996
0 0.0264975 0.712675 0.052995 0.243998 0.00152685
0 0.0656618 0.491294 0.131324 0.241105 0.00152525
0 0.034887 0.10057 0.0697741 0.20114 0.00152274
0 0.0398716 0.0759191 0.0797432 0.151838 0.00152253
0 0.0599257 0.382091 0.119851 0.23674 0.00151712
0 0.117283 0.673538 0.234565 0.343239 0.00151632
0 0.248081 0.929988 0.221981 0.140025 0.00150507
0 0.0261726 0.60045 0.0523451 0.247261 0.00150061
0 0.580546 0.931535 0.23856 0.13693 0.00150035
0 0.0681052 0.433851 0.13621 0.223317 0.00149702
0 0.533254 0.258423 0.466343 0.516845 0.00148877
0 0.64045 0.0496767 0.221194 0.0993533 0.00148833
0 0.0755277 0.661693 0.151055 0.231573 0.00148647
0 0.750212 0.247822 0.442822 0.495645 0.00148496
0 0.887303 0.396417 0.225394 0.459169 0.00148386
0 0.181731 0.408901 0.363462 0.634043 0.0014829
0 0.16657 0.708305 0.333141 0.58339 0.00147607
0 0.0309926 0.140612 0.0619852 0.245853 0.00146969
0 0.184752 0.56532 0.369504 0.86936 0.00146521
0 0.198313 0.644348 0.396627 0.711304 0.00145678
0 0.634176 0.933174 0.20005 0.133652 0.00144989
0 0.140251 0.376967 0.280502 0.34968 0.00144519
0 0.0550047 0.265852 0.110009 0.212982 0.00144452
0 0.0326357 0.879495 0.0652714 0.241009 0.00144096
0 0.457913 0.937494 0.245652 0.125012 0.00143745
0 0.462432 0.2114 0.403352 0.4228 0.00143481
0 0.714163 0.0640797 0.30049 0.128159 0.00143303
0 0.0641609 0.174812 0.128322 0.170962 0.00141799
0 0.45783 0.119694 0.352069 0.239389 0.00141482
0 0.479226 0.187885 0.0142952 0.0261494 0.0014129
0 0.0736294 0.774767 0.147259 0.249919 0.00141199
0 0.95689 0.456157 0.0862202 0.413081 0.00141073
0 0.704041 0.165216 0.319818 0.294056 0.0014106
0 0.073215 0.70769 0.14643 0.202083 0.00140859
0 0.367159 0.128055 0.280103 0.241035 0.00140562
0 0.309863 0.932486 0.226873 0.135027 0.00139957
0 0.117743 0.0671062 0.235486 0.134212 0.00139695
0 0.160936 0.278784 0.321872 0.396133 0.00138653
0 0.11639 0.261282 0.23278 0.22452 0.0013864
0 0.183423 0.555286 0.366845 0.633748 0.00137786
0 0.784137 0.0654395 0.336728 0.130879 0.00137783
0 0.509465 0.173451 0.383327 0.346903 0.00137459
0 0.0925877 0.147598 0.185175 0.156107 0.00137315
0 0.121772 0.413969 0.243544 0.254962 0.00135416
0 0.369495 0.936121 0.233595 0.127758 0.0013526
0 0.0786835 0.0774326 0.157367 0.154865 0.00134165
0 0.167982 0.64586 0.335964 0.708279 0.0013409
0 0.726773 0.202428 0.346687 0.404856 0.00133712
0 0.164514 0.335579 0.329029 0.671158 0.00133603
0 0.113762 0.50662 0.227524 0.350268 0.00132529
0 0.179451 0.610743 0.358902 0.394357 0.00129476
0 0.100295 0.808958 0.20059 0.382084 0.00121787
0 0.160164 0.666676 0.320328 0.306059 0.00115925
0 0.480898 0.211365 0.0159833 0.0355463 0.00114615
0 0.480555 0.203809 0.0400267 0.0690855 0.00114329
0 0.619913 0.0620136 0.296581 0.124027 0.00106583
