0 0.5175 0.419111 0.0195 0.0293333 1
0 0.517718 0.288884 0.0195378 0.0493593 0.162629
0 0.52112 0.421985 0.0159567 0.0283718 0.153969
0 0.519328 0.417219 0.0206583 0.0392478 0.100569
0 0.518083 0.41809 0.0271242 0.0461536 0.0460199
0 0.521942 0.430178 0.0165359 0.0260432 0.0375085
0 0.518237 0.409895 0.0295058 0.0587343 0.0321041
0 0.518949 0.275652 0.0178692 0.0383688 0.0213844
0 0.224185 0.0577143 0.0296921 0.062718 0.011083
0 0.517374 0.430094 0.0308341 0.0372667 0.0102751
0 0.518638 0.298395 0.0253826 0.0434055 0.00937089
0 0.830525 0.22878 0.338949 0.45756 0.00806916
0 0.518925 0.452105 0.0241282 0.0226724 0.0080442
0 0.516704 0.465044 0.030056 0.0271779 0.00792977
0 0.222711 0.0435778 0.0274299 0.0471593 0.00723728
0 0.349623 0.792964 0.163208 0.414072 0.00706581
0 0.805216 0.288637 0.389567 0.577274 0.0069189
0 0.516463 0.434857 0.0376198 0.145427 0.00624078
0 0.329267 0.785628 0.301933 0.428743 0.00622286
0 0.515828 0.476299 0.032599 0.0286852 0.00612166
0 0.201928 0.771257 0.305902 0.457486 0.00522608
0 0.520947 0.292477 0.0324113 0.0583296 0.00511685
0 0.226165 0.0662257 0.0291092 0.0562977 0.00486716
0 0.152859 0.769524 0.305719 0.460951 0.0045963
0 0.843985 0.160497 0.31203 0.320993 0.00456013
0 0.519217 0.284674 0.0214834 0.0628914 0.00429736
0 0.212211 0.208141 0.414269 0.416281 0.0042203
0 0.265019 0.770442 0.369083 0.459116 0.00415482
0 0.515857 0.491363 0.033443 0.0280808 0.00367005
0 0.518464 0.449814 0.0225878 0.0347689 0.00366515
0 0.798793 0.380326 0.402414 0.760652 0.00340367
0 0.51811 0.396477 0.0343299 0.0864968 0.00338868
0 0.187187 0.253117 0.374373 0.506233 0.00329399
0 0.682391 0.798913 0.243944 0.402173 0.00312488
0 0.703462 0.24746 0.380415 0.494919 0.00289818
0 0.602466 0.240072 0.379369 0.480144 0.00282345
0 0.604997 0.805915 0.290814 0.38817 0.00281311
0 0.834881 0.51663 0.330239 0.735084 0.00277964
0 0.223268 0.133029 0.324608 0.266057 0.00275559
0 0.815131 0.342802 0.369738 0.580605 0.00269911
0 0.348908 0.493579 0.0744051 0.36212 0.00269686
0 0.308368 0.319691 0.107929 0.397148 0.00264226
0 0.515925 0.504662 0.0331714 0.03439 0.00260987
0 0.708349 0.782341 0.182199 0.435318 0.00258892
0 0.553557 0.774549 0.386288 0.450903 0.00257302
0 0.517077 0.339233 0.0346091 0.0396221 0.00257121
0 0.932211 0.774637 0.135577 0.450725 0.00256773
0 0.348874 0.732482 0.209211 0.535035 0.00253493
0 0.764209 0.233825 0.392453 0.46765 0.00252288
0 0.854116 0.604954 0.291769 0.711443 0.00251616
0 0.520651 0.719678 0.425152 0.560643 0.00250175
0 0.508727 0.213461 0.390455 0.426921 0.00248211
0 0.0392335 0.0577811 0.078467 0.115562 0.00247579
0 0.646901 0.823784 0.261458 0.352431 0.00246406
0 0.136954 0.741002 0.215102 0.517995 0.00246336
0 0.346543 0.432731 0.0745681 0.37892 0.0024516
0 0.423427 0.857854 0.398447 0.284293 0.00244941
0 0.311083 0.372878 0.126416 0.470262 0.00244616
0 0.265916 0.364835 0.33638 0.71 0.00244196
0 0.690163 0.764182 0.319366 0.471637 0.00244097
0 0.517449 0.467637 0.0337524 0.039706 0.002415
0 0.822362 0.0580293 0.246952 0.116059 0.00238879
0 0.523488 0.310064 0.0195168 0.0225058 0.00236329
0 0.936775 0.0732633 0.12645 0.146527 0.00234079
0 0.774016 0.706995 0.344315 0.58601 0.00232578
0 0.755416 0.741532 0.194297 0.516937 0.00231691
0 0.219265 0.295177 0.43853 0.590354 0.00229924
0 0.273261 0.732394 0.324095 0.535212 0.00229148
0 0.312347 0.448324 0.145615 0.519423 0.00227334
0 0.441333 0.195654 0.409563 0.391309 0.00227034
0 0.175807 0.73915 0.183353 0.521699 0.00226902
0 0.886828 0.191019 0.226344 0.382037 0.00225138
0 0.33827 0.522938 0.0919605 0.344376 0.00224704
0 0.302408 0.534295 0.132887 0.486482 0.00221583
0 0.364817 0.731873 0.0977793 0.442291 0.00219294
0 0.537338 0.818831 0.379952 0.362338 0.00219286
0 0.736738 0.745442 0.152086 0.460237 0.00218513
0 0.881899 0.26374 0.236202 0.479161 0.0021839
0 0.776515 0.715289 0.25984 0.560767 0.00215427
0 0.32341 0.318778 0.0782274 0.368636 0.00215134
0 0.869679 0.689225 0.226104 0.615211 0.00212333
0 0.455973 0.914397 0.252634 0.171207 0.0021221
0 0.940243 0.910479 0.119515 0.179043 0.00209705
0 0.517376 0.457242 0.0340223 0.0380883 0.00209373
0 0.292866 0.592983 0.121587 0.464958 0.00209364
0 0.796703 0.776318 0.197607 0.447363 0.00208188
0 0.517615 0.476929 0.034275 0.0439324 0.00207136
0 0.293229 0.656512 0.143808 0.515103 0.00206982
0 0.81449 0.701862 0.200252 0.580704 0.00206343
0 0.46468 0.735592 0.42883 0.528816 0.00206213
0 0.943657 0.723912 0.112685 0.484297 0.00204789
0 0.124534 0.841644 0.249067 0.316712 0.00203836
0 0.747723 0.790761 0.242809 0.418478 0.00203265
0 0.886221 0.0617417 0.227559 0.123483 0.00203199
0 0.138987 0.730449 0.1399 0.539102 0.00201036
0 0.527722 0.414114 0.122699 0.244042 0.0019901
0 0.91708 0.837003 0.16584 0.325995 0.00198417
0 0.264672 0.529096 0.308557 0.653458 0.0019809
0 0.807139 0.823786 0.193762 0.352428 0.00197937
0 0.374009 0.770863 0.173642 0.458275 0.00197597
0 0.402776 0.784332 0.319808 0.431336 0.00197443
0 0.557626 0.528417 0.365489 0.686328 0.00197278
0 0.89905 0.811978 0.2019 0.376045 0.00196911
0 0.107076 0.919211 0.214152 0.161578 0.00196381
0 0.30259 0.714322 0.214108 0.571357 0.00195951
0 0.128449 0.673851 0.198189 0.528266 0.00195578
0 0.459372 0.606127 0.408984 0.787747 0.00193609
0 0.517504 0.348741 0.0350668 0.0441006 0.00192955
0 0.560259 0.447442 0.232364 0.39079 0.00192516
0 0.179016 0.635307 0.221904 0.536765 0.00189949
0 0.518423 0.914901 0.254377 0.170199 0.00189064
0 0.159137 0.667694 0.152121 0.488123 0.00188885
0 0.605768 0.733685 0.392733 0.53263 0.00188282
0 0.335283 0.675295 0.119727 0.517034 0.00187721
0 0.167649 0.129372 0.335298 0.258744 0.00187452
0 0.771774 0.649971 0.41651 0.700058 0.00187361
0 0.838679 0.774119 0.166829 0.451761 0.0018679
0 0.23667 0.614909 0.211277 0.566518 0.00186532
0 0.703282 0.685451 0.409277 0.629099 0.00186486
0 0.556205 0.910614 0.232562 0.178772 0.00186378
0 0.0492881 0.910594 0.0985762 0.178811 0.00185594
0 0.608762 0.432392 0.336349 0.526021 0.00185508
0 0.532914 0.594025 0.439529 0.811951 0.00185507
0 0.79197 0.135283 0.339408 0.270566 0.00185316
0 0.518826 0.394063 0.152509 0.292173 0.00185252
0 0.917798 0.889784 0.164403 0.220431 0.0018498
0 0.15073 0.626008 0.30146 0.595073 0.00184678
0 0.0709543 0.596524 0.141909 0.505121 0.0018361
0 0.197162 0.0549851 0.237162 0.10997 0.00183567
0 0.270199 0.130658 0.18766 0.261316 0.00183172
0 0.418362 0.348899 0.467454 0.697797 0.00182876
0 0.0299895 0.116641 0.0599789 0.233283 0.00182796
0 0.921732 0.746283 0.156536 0.507434 0.00182725
0 0.799355 0.404879 0.335311 0.520937 0.00181907
0 0.240155 0.728046 0.218358 0.543908 0.00181647
0 0.161968 0.726271 0.130737 0.519348 0.00181316
0 0.219436 0.030943 0.0218999 0.0275386 0.00181008
0 0.873755 0.343657 0.252491 0.522189 0.00180207
0 0.283768 0.841047 0.36448 0.317906 0.00179188
0 0.858589 0.814705 0.230446 0.37059 0.00178725
0 0.490296 0.506068 0.38548 0.650325 0.00178484
0 0.0338902 0.76044 0.0677805 0.303685 0.0017797
0 0.0840402 0.821649 0.16808 0.356702 0.00177901
0 0.179322 0.838659 0.358644 0.322682 0.00177616
0 0.925298 0.643268 0.149403 0.564937 0.00177519
0 0.936773 0.223215 0.126455 0.44643 0.00176958
0 0.193204 0.672049 0.161205 0.512772 0.00176709
0 0.516083 0.518159 0.0334781 0.0411087 0.00176118
0 0.0374372 0.0885406 0.0748743 0.177081 0.00175306
0 0.937406 0.149369 0.125188 0.298739 0.00175242
0 0.936478 0.403186 0.127043 0.532069 0.00175129
0 0.451862 0.504399 0.405196 0.842037 0.00175087
0 0.307201 0.22941 0.100184 0.319921 0.0017466
0 0.581022 0.853037 0.233651 0.293925 0.00174591
0 0.812094 0.902993 0.216542 0.194014 0.00174343
0 0.225495 0.66089 0.163764 0.521105 0.00174092
0 0.138607 0.83676 0.277214 0.326479 0.00173956
0 0.691794 0.90548 0.214165 0.189039 0.00173861
0 0.778197 0.334109 0.25961 0.502862 0.00173439
0 0.304688 0.914243 0.248857 0.171514 0.00173421
0 0.0726599 0.740057 0.14532 0.519887 0.00173091
0 0.104552 0.87082 0.209104 0.258359 0.00173008
0 0.791918 0.476155 0.416165 0.850603 0.0017256
0 0.111174 0.66194 0.222348 0.597233 0.00172337
0 0.226986 0.38812 0.422649 0.776241 0.00172229
0 0.940794 0.582031 0.118411 0.486274 0.0017214
0 0.033022 0.824751 0.0660441 0.315857 0.00171601
0 0.0956178 0.710531 0.191236 0.578938 0.00171566
0 0.355185 0.603691 0.0582789 0.226592 0.0017154
0 0.0885355 0.938135 0.177071 0.123731 0.00171517
0 0.424304 0.400349 0.43112 0.800698 0.00171258
0 0.716448 0.127451 0.318219 0.254901 0.00171257
0 0.0279557 0.374438 0.0559115 0.269196 0.00170797
0 0.072595 0.56416 0.14519 0.308795 0.00170712
0 0.331579 0.357271 0.0863219 0.391106 0.00170445
0 0.489608 0.936264 0.245448 0.127472 0.00170252
0 0.918651 0.473913 0.162698 0.544788 0.00170217
0 0.201481 0.566315 0.354775 0.622782 0.00169412
0 0.0719548 0.51001 0.14391 0.301415 0.00169144
0 0.903545 0.404776 0.19291 0.516987 0.00168785
0 0.484793 0.396585 0.171451 0.32869 0.00168206
0 0.0285693 0.430956 0.0571386 0.274824 0.00168136
0 0.0353475 0.646468 0.0706949 0.294492 0.00167808
0 0.632957 0.906639 0.202047 0.186722 0.00167773
0 0.94293 0.865176 0.11414 0.269648 0.00167704
0 0.489775 0.659678 0.436331 0.680645 0.0016766
0 0.0632221 0.0592706 0.126444 0.118541 0.00167558
0 0.0305805 0.487236 0.0611611 0.280129 0.00167436
0 0.0667506 0.673364 0.133501 0.488651 0.00167358
0 0.0283124 0.32041 0.0566248 0.26475 0.00167319
0 0.713952 0.411474 0.188353 0.285673 0.00167088
0 0.787156 0.713762 0.181425 0.462031 0.0016683
0 0.0354319 0.593182 0.0708639 0.291828 0.00166471
0 0.0334908 0.540465 0.0669817 0.285888 0.00166227
0 0.0261053 0.145518 0.0522106 0.2817 0.00165874
0 0.0716862 0.450247 0.143372 0.286047 0.00165763
0 0.749772 0.909024 0.220297 0.181953 0.00165711
0 0.786574 0.515447 0.380998 0.654125 0.00165438
0 0.0328739 0.700285 0.0657479 0.294618 0.0016525
0 0.263367 0.91951 0.265682 0.160979 0.00165021
0 0.745615 0.468864 0.270096 0.262863 0.00164933
0 0.0689957 0.467941 0.137991 0.505751 0.00164216
0 0.533845 0.413177 0.29922 0.526286 0.00164152
0 0.513682 0.285615 0.039284 0.116258 0.00163749
0 0.0714493 0.654844 0.142899 0.330688 0.00163717
0 0.586806 0.124399 0.312091 0.248798 0.00163695
0 0.687231 0.444128 0.202375 0.498421 0.00163592
0 0.131542 0.0525114 0.241229 0.105023 0.00163543
0 0.474741 0.419527 0.289555 0.52483 0.00162473
0 0.926383 0.921446 0.147234 0.157109 0.00162286
0 0.779208 0.841892 0.260643 0.316216 0.00162275
0 0.679934 0.462077 0.318115 0.57242 0.00162193
0 0.170635 0.535664 0.341271 0.705449 0.00162173
0 0.135445 0.270027 0.270889 0.540055 0.00162048
0 0.705515 0.384453 0.154439 0.372984 0.0016153
0 0.0745742 0.391302 0.149148 0.275737 0.00161157
0 0.707409 0.837068 0.215004 0.325863 0.00161044
0 0.806616 0.932006 0.225035 0.135989 0.0016042
0 0.190469 0.912007 0.282278 0.175986 0.00160403
0 0.689338 0.444925 0.188828 0.191627 0.00160116
0 0.318817 0.261936 0.0758711 0.261239 0.00159727
0 0.401618 0.299206 0.428317 0.598411 0.00159628
0 0.760419 0.0509718 0.23725 0.101944 0.00159521
0 0.654445 0.129783 0.318979 0.259567 0.00158796
0 0.258046 0.0552107 0.23216 0.110421 0.00158715
0 0.0737448 0.763841 0.14749 0.351317 0.00158649
0 0.67876 0.457832 0.206881 0.371683 0.00157648
0 0.427365 0.938187 0.238594 0.123625 0.00157504
0 0.720674 0.619221 0.336142 0.511622 0.00157442
0 0.0703672 0.211381 0.140734 0.324937 0.00157223
0 0.51453 0.414536 0.0276737 0.0550672 0.00156239
0 0.352999 0.559929 0.0708848 0.324305 0.00156055
0 0.873409 0.908385 0.231385 0.18323 0.00155743
0 0.186826 0.377955 0.373652 0.75591 0.00155027
0 0.0277033 0.263344 0.0554066 0.266126 0.00154633
0 0.493506 0.436628 0.220535 0.421075 0.00154408
0 0.631783 0.624971 0.435009 0.750057 0.00154269
0 0.526631 0.117225 0.31812 0.234449 0.00153989
0 0.910591 0.299733 0.178817 0.480374 0.00153582
0 0.138914 0.914219 0.27221 0.171562 0.00153155
0 0.912737 0.173938 0.174526 0.347876 0.00152811
0 0.678775 0.389001 0.267401 0.496962 0.00151781
0 0.0252261 0.205369 0.0504522 0.26976 0.00151671
0 0.381021 0.910592 0.284213 0.178816 0.00151537
0 0.344469 0.898979 0.289599 0.202041 0.00151498
0 0.498472 0.302782 0.453092 0.605565 0.00150709
0 0.407782 0.713375 0.228908 0.57325 0.00150274
0 0.686541 0.357455 0.170946 0.416902 0.00149959
0 0.165083 0.318631 0.330166 0.637263 0.001497
0 0.695169 0.0489234 0.231732 0.0978468 0.00149544
0 0.67234 0.591759 0.341149 0.509462 0.00149544
0 0.958763 0.690836 0.0824737 0.446595 0.00149505
0 0.64757 0.298363 0.371652 0.596727 0.00149477
0 0.077158 0.33805 0.154316 0.271503 0.00148846
0 0.702707 0.305961 0.132139 0.303723 0.00148569
0 0.66834 0.465302 0.27351 0.311666 0.00148343
0 0.0788087 0.279482 0.157617 0.294688 0.00148147
0 0.578922 0.307187 0.401443 0.614373 0.00147507
0 0.516973 0.329833 0.0339232 0.0317833 0.00147428
0 0.118409 0.207129 0.236818 0.414257 0.00147312
0 0.350182 0.850183 0.377506 0.299634 0.00146721
0 0.599497 0.559473 0.431449 0.840064 0.00146315
0 0.0340714 0.876934 0.0681427 0.246133 0.00146199
0 0.693768 0.279278 0.161952 0.352499 0.00145295
0 0.299116 0.160656 0.115263 0.321312 0.00144976
0 0.713057 0.931727 0.225039 0.136546 0.00144648
0 0.63259 0.0476913 0.231248 0.0953826 0.00144123
0 0.569679 0.0497847 0.233672 0.0995695 0.00143391
0 0.517814 0.492893 0.0344598 0.0418601 0.00143
0 0.519152 0.255544 0.0180452 0.0256146 0.00142987
0 0.082321 0.348139 0.164642 0.461466 0.00142973
0 0.895338 0.9327 0.209325 0.1346 0.00142812
0 0.591342 0.931889 0.221293 0.136222 0.00142629
0 0.514976 0.437364 0.0371784 0.210168 0.00142482
0 0.0679389 0.148554 0.135878 0.297107 0.00142322
0 0.376697 0.361107 0.276048 0.722213 0.00141645
0 0.655413 0.931052 0.226459 0.137896 0.00141162
0 0.614804 0.42272 0.390637 0.678377 0.00140978
0 0.505959 0.0512089 0.23805 0.102418 0.0013964
0 0.645494 0.346386 0.297222 0.537054 0.00139385
0 0.340436 0.374304 0.107416 0.510765 0.00136833
0 0.306934 0.937579 0.235309 0.124842 0.00136736
0 0.63249 0.550229 0.396241 0.658028 0.0013671
0 0.118474 0.939198 0.236948 0.121603 0.0013655
0 0.341031 0.465692 0.0602164 0.241104 0.00136226
0 0.0930555 0.0524663 0.186111 0.104933 0.00134763
0 0.381791 0.0492721 0.24285 0.0985441 0.00131864
0 0.445579 0.0497817 0.237271 0.0995633 0.00130566
0 0.361904 0.936747 0.253682 0.126506 0.00126874
0 0.517845 0.509807 0.0338338 0.0472052 0.00126641
0 0.179753 0.939875 0.239549 0.12025 0.00125234
0 0.12641 0.121338 0.25282 0.242676 0.00125174
0 0.237078 0.938719 0.241827 0.122562 0.00123319
0 0.357746 0.634852 0.0766444 0.37438 0.00122413
0 0.326726 0.177275 0.123868 0.35455 0.00121766
0 0.32209 0.0506642 0.234953 0.101328 0.00120731
0 0.465033 0.131015 0.320412 0.262029 0.00116321
0 0.406671 0.134924 0.315542 0.269848 0.00116116
0 0.365376 0.664452 0.0750858 0.444424 0.00113055
0 0.229263 0.0740781 0.0263856 0.0580872 0.00109571
