0 0.467375 0.517556 0.0065 0.0111112 1
0 0.47571 0.19701 0.0146047 0.0212539 0.00385897
0 0.475341 0.209528 0.0137938 0.0228503 0.0035675
0 0.866642 0.163187 0.266715 0.326374 0.00304248
0 0.475635 0.183396 0.0146406 0.0233134 0.00296287
0 0.448756 0.229853 0.370542 0.459706 0.0029432
0 0.499167 0.788204 0.0691911 0.411681 0.00290104
0 0.512773 0.399336 0.0907856 0.319259 0.00281687
0 0.485722 0.811537 0.122355 0.376926 0.00274481
0 0.563542 0.410887 0.0682955 0.319742 0.00273412
0 0.484564 0.175779 0.269443 0.351557 0.00271486
0 0.636662 0.227064 0.371885 0.454129 0.00269509
0 0.55386 0.407153 0.0972721 0.384811 0.00262548
0 0.20531 0.244774 0.355315 0.489547 0.00262388
0 0.703483 0.227613 0.37342 0.455226 0.00262124
0 0.473318 0.792803 0.0918817 0.414394 0.00260163
0 0.520756 0.81819 0.135224 0.363621 0.00257515
0 0.0396905 0.0592855 0.079381 0.118571 0.00257022
0 0.893153 0.146944 0.213694 0.293887 0.00256364
0 0.39277 0.259611 0.399271 0.519221 0.00250704
0 0.581505 0.797374 0.0980677 0.405253 0.00250594
0 0.447641 0.813184 0.189562 0.373631 0.00249726
0 0.501332 0.365843 0.0747552 0.327343 0.00243692
0 0.581913 0.822817 0.163326 0.354365 0.00242972
0 0.529129 0.794643 0.0700395 0.410425 0.00241279
0 0.568939 0.555635 0.0625396 0.345308 0.00240561
0 0.611386 0.801063 0.129189 0.397875 0.00239888
0 0.917504 0.299408 0.164992 0.598815 0.00239411
0 0.56981 0.61316 0.0683152 0.359884 0.00237132
0 0.766787 0.195477 0.365978 0.390953 0.0023558
0 0.474659 0.223122 0.0129242 0.0215963 0.00233757
0 0.601595 0.597429 0.0907056 0.377335 0.00231713
0 0.477354 0.528598 0.0628028 0.349826 0.00230374
0 0.591836 0.444477 0.0823062 0.334026 0.0022873
0 0.936954 0.388233 0.126092 0.561448 0.0022756
0 0.894547 0.255714 0.210905 0.511427 0.00224717
0 0.600412 0.665524 0.101715 0.457187 0.00224511
0 0.920268 0.78348 0.159463 0.433039 0.00223119
0 0.260983 0.556764 0.145849 0.480723 0.00222943
0 0.161655 0.250939 0.32331 0.501878 0.00222485
0 0.517873 0.303913 0.0981913 0.401719 0.00221542
0 0.548211 0.398368 0.132497 0.488722 0.00221408
0 0.571823 0.677625 0.0742316 0.386537 0.00221295
0 0.618691 0.824907 0.177023 0.350186 0.00219275
0 0.448979 0.594828 0.108987 0.485336 0.00218575
0 0.580368 0.182981 0.333153 0.365963 0.00216749
0 0.57509 0.750539 0.0790502 0.411972 0.0021638
0 0.497278 0.274269 0.0855553 0.366242 0.00216281
0 0.216612 0.364661 0.106043 0.34209 0.00213809
0 0.588625 0.45132 0.113286 0.441687 0.00212075
0 0.943047 0.724764 0.113906 0.535731 0.00211265
0 0.94432 0.51455 0.11136 0.515795 0.0021116
0 0.47716 0.5892 0.0640969 0.352313 0.00210882
0 0.939501 0.907594 0.120998 0.184812 0.00210127
0 0.502641 0.591499 0.0594012 0.352674 0.00208841
0 0.841117 0.140684 0.317766 0.281368 0.00208438
0 0.916324 0.0597752 0.167352 0.11955 0.00207583
0 0.93847 0.0700291 0.12306 0.140058 0.00207095
0 0.504802 0.154779 0.18686 0.309557 0.00206362
0 0.5234 0.435906 0.071125 0.343145 0.00206116
0 0.557333 0.336964 0.179619 0.509821 0.00205743
0 0.500441 0.438208 0.0669293 0.330159 0.00205619
0 0.268573 0.314254 0.111066 0.347054 0.00205391
0 0.441182 0.681157 0.116674 0.525209 0.00205372
0 0.973331 0.365522 0.0533381 0.373224 0.0020534
0 0.26398 0.451254 0.131061 0.496152 0.00204913
0 0.0833006 0.899564 0.166601 0.200873 0.0020343
0 0.379718 0.802947 0.186257 0.394106 0.00202457
0 0.938939 0.811709 0.122121 0.376582 0.0020217
0 0.944868 0.614331 0.110263 0.52089 0.00202003
0 0.29443 0.474263 0.111355 0.417592 0.00200609
0 0.413978 0.799575 0.168732 0.400851 0.00200608
0 0.661751 0.794944 0.178984 0.410112 0.00200553
0 0.87867 0.0541238 0.24266 0.108248 0.00198708
0 0.256762 0.231172 0.281127 0.462344 0.00198635
0 0.517706 0.20601 0.124939 0.404806 0.00198603
0 0.0992018 0.83539 0.198404 0.32922 0.00197434
0 0.286532 0.291627 0.113309 0.437297 0.00196553
0 0.461375 0.230064 0.19927 0.460129 0.00196224
0 0.567571 0.494243 0.0605161 0.369141 0.0019616
0 0.0997206 0.329382 0.184063 0.531931 0.00195984
0 0.210252 0.589762 0.148567 0.472038 0.0019549
0 0.154032 0.804233 0.21225 0.391535 0.00195283
0 0.0716249 0.915906 0.14325 0.168189 0.00195212
0 0.485626 0.436619 0.0734321 0.301388 0.00194634
0 0.495013 0.196304 0.111403 0.392608 0.00194605
0 0.469805 0.358842 0.131278 0.466641 0.00194545
0 0.738408 0.465798 0.164831 0.49167 0.00194428
0 0.483795 0.379132 0.0912412 0.362484 0.00194415
0 0.309867 0.338008 0.133639 0.519204 0.00194076
0 0.690856 0.811451 0.206244 0.377098 0.00193571
0 0.458722 0.290144 0.146998 0.459095 0.00193358
0 0.972232 0.479893 0.0555358 0.394092 0.00193339
0 0.971555 0.233622 0.0568901 0.424911 0.00193333
0 0.843887 0.267139 0.312226 0.534279 0.0019306
0 0.626484 0.494105 0.120252 0.435985 0.0019261
0 0.476175 0.729682 0.0687125 0.376407 0.0019245
0 0.501029 0.71064 0.0599958 0.35675 0.00192287
0 0.53408 0.594874 0.0472969 0.344477 0.00192139
0 0.176501 0.333815 0.130706 0.487136 0.00190201
0 0.575179 0.262663 0.275386 0.525326 0.00190177
0 0.296409 0.284827 0.0856576 0.360138 0.00189816
0 0.959236 0.704703 0.0815273 0.434886 0.00189734
0 0.413673 0.846786 0.203807 0.306428 0.00189558
0 0.476567 0.661389 0.0657075 0.353333 0.00189437
0 0.597721 0.521661 0.0781293 0.37548 0.00189335
0 0.294988 0.554343 0.122922 0.433473 0.00189231
0 0.840851 0.325634 0.318298 0.651267 0.00189187
0 0.137602 0.346842 0.152949 0.502752 0.00189021
0 0.95543 0.146181 0.0891404 0.292362 0.00188977
0 0.640903 0.641074 0.132667 0.466912 0.00188874
0 0.218919 0.297478 0.116264 0.445846 0.00188028
0 0.423346 0.609432 0.265422 0.636825 0.00187967
0 0.19778 0.290123 0.265207 0.580247 0.00187939
0 0.689493 0.463644 0.157581 0.487601 0.00187568
0 0.765084 0.500361 0.154973 0.490406 0.00187564
0 0.12708 0.892753 0.20913 0.214494 0.00187557
0 0.74918 0.806992 0.204569 0.386016 0.00187365
0 0.640611 0.743327 0.15526 0.513346 0.00187118
0 0.314339 0.335605 0.220785 0.621003 0.00186427
0 0.295651 0.383692 0.0971319 0.414623 0.0018593
0 0.433515 0.751677 0.124656 0.496647 0.00185914
0 0.456407 0.127999 0.291668 0.255999 0.00185843
0 0.566421 0.8481 0.20532 0.3038 0.00185206
0 0.0387498 0.0933761 0.0774997 0.186752 0.00184708
0 0.966929 0.647257 0.0661429 0.423916 0.00184524
0 0.716853 0.778313 0.194798 0.443374 0.00184483
0 0.916256 0.884565 0.167487 0.23087 0.00184376
0 0.592891 0.415282 0.182641 0.512936 0.00184303
0 0.716132 0.425224 0.233785 0.520895 0.00184215
0 0.213658 0.805916 0.206384 0.388167 0.00184201
0 0.1753 0.347063 0.111272 0.395827 0.00184013
0 0.789842 0.517281 0.168053 0.50333 0.00183686
0 0.967858 0.197631 0.0642838 0.395262 0.00183345
0 0.0635798 0.219008 0.12716 0.436293 0.00183166
0 0.399882 0.70969 0.213627 0.580621 0.00182652
0 0.8693 0.790863 0.237938 0.418273 0.00182344
0 0.674066 0.689493 0.14471 0.525396 0.00182244
0 0.212055 0.507273 0.14413 0.503188 0.00182026
0 0.05083 0.922929 0.10166 0.154142 0.00181856
0 0.253421 0.651045 0.153613 0.532012 0.0018152
0 0.0488495 0.89714 0.097699 0.20572 0.00180915
0 0.662113 0.468173 0.161484 0.492236 0.00180655
0 0.705106 0.301798 0.400123 0.603597 0.0018034
0 0.893554 0.800626 0.212891 0.398748 0.00179478
0 0.663187 0.896902 0.199553 0.206196 0.00179272
0 0.45159 0.530404 0.130565 0.508084 0.00178738
0 0.227858 0.269867 0.196671 0.539734 0.00178477
0 0.977783 0.293888 0.0444341 0.450515 0.00178391
0 0.187228 0.892555 0.208648 0.21489 0.00178315
0 0.818437 0.567167 0.165086 0.508696 0.00178311
0 0.470023 0.844451 0.201575 0.311097 0.00177947
0 0.900976 0.850313 0.198048 0.299374 0.00177631
0 0.279337 0.256804 0.0943568 0.352403 0.00177594
0 0.857992 0.0736548 0.284016 0.14731 0.00177418
0 0.827011 0.52721 0.214092 0.53201 0.00177171
0 0.81282 0.894358 0.205137 0.211283 0.00177047
0 0.752964 0.892914 0.201451 0.214172 0.00177007
0 0.609828 0.34411 0.27818 0.558796 0.00176647
0 0.669271 0.541497 0.133645 0.479353 0.00176487
0 0.800778 0.476872 0.233716 0.535503 0.0017607
0 0.0641761 0.0608636 0.128352 0.121727 0.00175296
0 0.948018 0.18793 0.103964 0.37586 0.00174728
0 0.871059 0.581747 0.24317 0.551396 0.00174525
0 0.734596 0.355601 0.359409 0.602937 0.00174511
0 0.0720891 0.29152 0.144178 0.368221 0.00174021
0 0.513284 0.84626 0.202946 0.307481 0.00173803
0 0.18013 0.77857 0.201621 0.44286 0.00173753
0 0.0712235 0.198958 0.142447 0.31639 0.00173704
0 0.805529 0.302536 0.388941 0.605071 0.0017359
0 0.856929 0.62498 0.182254 0.537373 0.00173565
0 0.313788 0.893541 0.202533 0.212919 0.00173258
0 0.805279 0.810878 0.203018 0.378244 0.0017314
0 0.0702204 0.451853 0.140441 0.355581 0.00173118
0 0.782624 0.424606 0.289909 0.553923 0.0017286
0 0.249879 0.892458 0.203666 0.215085 0.00172496
0 0.977134 0.416669 0.0457324 0.439006 0.0017222
0 0.881064 0.898484 0.217589 0.203032 0.00171848
0 0.348372 0.896926 0.204859 0.206148 0.00171696
0 0.0952483 0.769202 0.190497 0.461596 0.00171221
0 0.531407 0.715202 0.0466817 0.3519 0.00171176
0 0.665713 0.422156 0.228347 0.516703 0.00170992
0 0.532482 0.651077 0.0458658 0.344533 0.00170971
0 0.275692 0.806949 0.202377 0.386101 0.00170825
0 0.771338 0.775437 0.198011 0.449127 0.00170733
0 0.184037 0.839315 0.206591 0.321369 0.00170645
0 0.172423 0.567464 0.130844 0.444338 0.00170092
0 0.403441 0.470715 0.346723 0.727793 0.0016996
0 0.70448 0.665762 0.146426 0.513683 0.00169875
0 0.259538 0.261553 0.112828 0.377942 0.00169777
0 0.780166 0.841504 0.200454 0.316992 0.00169464
0 0.452495 0.459116 0.289982 0.600256 0.00168514
0 0.67521 0.353859 0.333554 0.581915 0.00168405
0 0.0735726 0.384398 0.147145 0.395037 0.00168345
0 0.861994 0.517074 0.276011 0.610194 0.00167512
0 0.343074 0.842352 0.202728 0.315296 0.00167193
0 0.700189 0.524789 0.135349 0.478905 0.00167182
0 0.839984 0.84624 0.206792 0.30752 0.00166988
0 0.449092 0.396455 0.346373 0.637775 0.00166988
0 0.410013 0.14034 0.329799 0.28068 0.00166907
0 0.862863 0.410829 0.274275 0.724178 0.00166214
0 0.721827 0.841027 0.197887 0.317946 0.00166129
0 0.85877 0.727559 0.201486 0.544881 0.00166106
0 0.567447 0.903763 0.213438 0.192474 0.00166102
0 0.826938 0.367147 0.346125 0.734294 0.00166001
0 0.84433 0.458945 0.311341 0.612332 0.00165633
0 0.449415 0.50621 0.187997 0.548766 0.00165424
0 0.0741328 0.869884 0.148266 0.260232 0.00165352
0 0.607757 0.904777 0.194413 0.190445 0.00165309
0 0.436919 0.910514 0.215158 0.178971 0.0016521
0 0.0717275 0.787417 0.143455 0.371954 0.00165142
0 0.0703862 0.561326 0.140772 0.360913 0.001649
0 0.240636 0.779056 0.196136 0.441889 0.0016483
0 0.101364 0.923738 0.202729 0.152523 0.00164258
0 0.474268 0.199331 0.0142572 0.0297518 0.00164248
0 0.246317 0.841755 0.20155 0.316491 0.00164225
0 0.182262 0.140358 0.306804 0.280716 0.0016401
0 0.908519 0.741373 0.182962 0.517253 0.00163732
0 0.0819018 0.295501 0.163804 0.542228 0.00162986
0 0.445995 0.0536406 0.232016 0.107281 0.00162053
0 0.533378 0.488749 0.0527194 0.366522 0.00161812
0 0.92636 0.921669 0.14728 0.156662 0.00161783
0 0.206483 0.682697 0.165272 0.504816 0.00161644
0 0.0759237 0.662684 0.151847 0.401548 0.00161571
0 0.897481 0.577031 0.205038 0.557836 0.00161348
0 0.321621 0.404267 0.102224 0.536242 0.00161194
0 0.345795 0.743728 0.169397 0.512544 0.00161187
0 0.214374 0.9255 0.220061 0.149 0.00160836
0 0.26241 0.256601 0.157667 0.513202 0.00160744
0 0.912232 0.673836 0.175535 0.545163 0.00160591
0 0.288105 0.662124 0.14518 0.491653 0.00160017
0 0.747057 0.925745 0.218909 0.14851 0.00159768
0 0.817426 0.664832 0.157949 0.537247 0.00158971
0 0.0724192 0.151583 0.144838 0.303166 0.00158893
0 0.152674 0.926011 0.222349 0.147979 0.00158526
0 0.474391 0.185349 0.0145426 0.0341017 0.001583
0 0.278358 0.925236 0.21899 0.149528 0.00157857
0 0.361074 0.630212 0.206158 0.648129 0.00157589
0 0.685793 0.926797 0.219476 0.146406 0.00156439
0 0.0482739 0.821255 0.0965478 0.320218 0.00155946
0 0.0403789 0.14883 0.0807577 0.288999 0.00155676
0 0.822231 0.052657 0.240972 0.105314 0.00155393
0 0.724885 0.697591 0.170688 0.499119 0.00154681
0 0.242444 0.71453 0.166925 0.470897 0.00154406
0 0.324493 0.780154 0.183486 0.439691 0.0015415
0 0.047429 0.764485 0.0948579 0.315233 0.00153805
0 0.382396 0.0484622 0.233621 0.0969243 0.00153009
0 0.168022 0.495931 0.141693 0.475329 0.00153004
0 0.141268 0.51048 0.142995 0.484336 0.00152265
0 0.791474 0.640302 0.17202 0.513401 0.00151361
0 0.809065 0.92576 0.220813 0.14848 0.00151303
0 0.727335 0.5441 0.151171 0.478944 0.00151165
0 0.767169 0.682161 0.188816 0.495263 0.00149947
0 0.340762 0.132139 0.315239 0.264277 0.00149588
0 0.422534 0.313747 0.42383 0.627494 0.00149352
0 0.170519 0.634221 0.158616 0.525903 0.00149254
0 0.62363 0.929052 0.2204 0.141896 0.00149225
0 0.318893 0.0478732 0.234334 0.0957464 0.00148944
0 0.0469519 0.651036 0.0939038 0.307677 0.00148932
0 0.583838 0.111694 0.301407 0.223389 0.00148838
0 0.0468621 0.706076 0.0937242 0.308054 0.00148725
0 0.0473458 0.429405 0.0946915 0.3064 0.0014815
0 0.0471131 0.484634 0.0942262 0.3073 0.00148122
0 0.131903 0.0457001 0.231292 0.0914002 0.00148024
0 0.601108 0.0452031 0.231303 0.0904061 0.00147894
0 0.500009 0.909322 0.219241 0.181355 0.00147768
0 0.7463 0.628467 0.177195 0.478217 0.00147743
0 0.0474843 0.373425 0.0949687 0.304371 0.00147414
0 0.209311 0.738154 0.19124 0.455156 0.00147097
0 0.0472428 0.317073 0.0944856 0.300784 0.00147076
0 0.195855 0.04931 0.230063 0.0986201 0.00147069
0 0.0470519 0.595533 0.0941039 0.308406 0.00147038
0 0.0469764 0.539829 0.0939528 0.30824 0.0014701
0 0.812232 0.749147 0.188763 0.501706 0.00146791
0 0.318059 0.524016 0.112543 0.434006 0.00146657
0 0.894622 0.92923 0.210756 0.14154 0.00146325
0 0.0463259 0.261883 0.0926518 0.295601 0.00145851
0 0.342793 0.926388 0.221147 0.147224 0.00145749
0 0.147402 0.731844 0.198604 0.462818 0.00145181
0 0.475516 0.169642 0.0140513 0.0224884 0.00145022
0 0.0440804 0.206631 0.0881608 0.288449 0.00144997
0 0.514249 0.106989 0.266005 0.213979 0.0014372
0 0.132832 0.142452 0.265663 0.284905 0.00143708
0 0.272045 0.749429 0.18244 0.477622 0.00143312
0 0.768006 0.578183 0.179 0.47908 0.00142764
0 0.102471 0.459852 0.182207 0.53583 0.00142519
0 0.238488 0.137183 0.290236 0.274366 0.00141958
0 0.260047 0.0488021 0.228508 0.0976041 0.00140641
0 0.176966 0.699052 0.186674 0.473489 0.00139841
0 0.539541 0.0521705 0.233069 0.104341 0.00139413
0 0.143287 0.648142 0.183776 0.503406 0.00137488
0 0.090015 0.612026 0.18003 0.492553 0.001372
0 0.758189 0.0525837 0.236991 0.105167 0.00135913
0 0.0856835 0.498945 0.171367 0.509286 0.0013544
0 0.66515 0.0437542 0.229561 0.0875083 0.00134406
0 0.112662 0.679395 0.204079 0.489582 0.00132176
0 0.403219 0.930254 0.226537 0.139491 0.00131931
0 0.31014 0.635109 0.124835 0.453126 0.00131722
0 0.557979 0.931354 0.22885 0.137292 0.00131261
0 0.1061 0.578794 0.197684 0.531464 0.00131225
