0 0.491625 0.393333 0.0107499 0.0217778 1
0 0.863625 0.371333 0.01375 0.0128889 1
0 0.627253 0.688834 0.479707 0.622331 0.00520635
0 0.300084 0.258564 0.375531 0.517129 0.00373463
0 0.684318 0.636844 0.477987 0.726311 0.00299078
0 0.479264 0.671089 0.490508 0.657822 0.00283686
0 0.937744 0.792137 0.124512 0.415726 0.00275884
0 0.827114 0.183158 0.345771 0.366315 0.00274811
0 0.749 0.188229 0.397563 0.376457 0.00269451
0 0.76697 0.686873 0.456415 0.626254 0.00255469
0 0.358103 0.242756 0.375414 0.485512 0.00253681
0 0.0406882 0.0597105 0.0813764 0.119421 0.00251437
0 0.613449 0.639725 0.489734 0.720551 0.00246191
0 0.872289 0.806383 0.255422 0.387234 0.00246041
0 0.920163 0.816847 0.159673 0.366306 0.00245262
0 0.204921 0.255369 0.389612 0.510737 0.00244847
0 0.95687 0.771125 0.0862592 0.444014 0.00243515
0 0.294921 0.338643 0.427713 0.677286 0.00240332
0 0.798456 0.735725 0.403088 0.52855 0.00235662
0 0.943149 0.394045 0.113702 0.430742 0.0023542
0 0.917763 0.414269 0.164475 0.437437 0.00234791
0 0.948053 0.517385 0.103895 0.495834 0.00233014
0 0.462099 0.718596 0.42683 0.562807 0.00230802
0 0.832891 0.788995 0.334218 0.422011 0.00230752
0 0.842019 0.260608 0.261728 0.489514 0.00227996
0 0.905506 0.812107 0.188989 0.375786 0.00227179
0 0.820258 0.304001 0.359483 0.602506 0.00225893
0 0.874477 0.197639 0.251046 0.395277 0.00225375
0 0.937573 0.332422 0.124854 0.419318 0.00224738
0 0.125069 0.802842 0.250138 0.394315 0.00222147
0 0.40151 0.776169 0.36148 0.447662 0.00221494
0 0.152877 0.241831 0.305755 0.483662 0.00221416
0 0.927325 0.154532 0.14535 0.309064 0.00219566
0 0.540761 0.197618 0.414319 0.395237 0.00216887
0 0.858449 0.144055 0.283103 0.288109 0.00215499
0 0.615425 0.220479 0.382199 0.440957 0.00214826
0 0.94764 0.655322 0.104719 0.491963 0.0021287
0 0.0885065 0.840338 0.177013 0.319324 0.0021277
0 0.163438 0.813565 0.280758 0.37287 0.00211725
0 0.707128 0.844295 0.403862 0.31141 0.00210784
0 0.199402 0.743218 0.389917 0.513564 0.00210647
0 0.768927 0.227405 0.462147 0.454811 0.00210587
0 0.485678 0.175634 0.385296 0.351269 0.00210516
0 0.324107 0.788365 0.242787 0.42327 0.0021044
0 0.623634 0.912811 0.247971 0.174377 0.00208502
0 0.922383 0.0714194 0.155235 0.142839 0.00208359
0 0.79495 0.859915 0.304297 0.28017 0.00208052
0 0.171777 0.739907 0.343555 0.520187 0.00206408
0 0.787748 0.786735 0.418939 0.426531 0.00205889
0 0.819988 0.822499 0.360024 0.355002 0.00205423
0 0.937147 0.084603 0.125706 0.169206 0.00205036
0 0.940261 0.918722 0.119479 0.162557 0.00203734
0 0.878827 0.061309 0.242346 0.122618 0.00203345
0 0.753762 0.348632 0.492477 0.697263 0.00201428
0 0.89089 0.483093 0.218221 0.617117 0.00201052
0 0.860644 0.857753 0.278712 0.284494 0.00200499
0 0.0877336 0.917487 0.175467 0.165026 0.00200241
0 0.973936 0.462117 0.0521277 0.388238 0.00198955
0 0.269403 0.787946 0.232056 0.424108 0.0019669
0 0.597567 0.833723 0.447687 0.332553 0.00196671
0 0.88303 0.833849 0.23394 0.332302 0.00196231
0 0.813524 0.40549 0.372953 0.769344 0.00195505
0 0.432355 0.192049 0.367745 0.384098 0.0019521
0 0.205502 0.305669 0.323084 0.611338 0.00194761
0 0.749053 0.245689 0.501895 0.491378 0.00194675
0 0.0353505 0.401226 0.0707011 0.26086 0.00194199
0 0.270335 0.725727 0.362958 0.548547 0.00194052
0 0.207019 0.805679 0.231806 0.388642 0.00192825
0 0.0338063 0.117612 0.0676126 0.235224 0.0019253
0 0.30155 0.810068 0.223771 0.379864 0.0019224
0 0.224481 0.76177 0.302754 0.47646 0.0019195
0 0.120019 0.912527 0.240039 0.174946 0.00191842
0 0.933225 0.244028 0.13355 0.459381 0.00191766
0 0.446649 0.747377 0.431805 0.505247 0.001917
0 0.725566 0.463077 0.512845 0.876583 0.0019132
0 0.970651 0.704371 0.0586989 0.405227 0.0019066
0 0.190788 0.786626 0.293962 0.426748 0.0019011
0 0.562228 0.734299 0.472286 0.531401 0.00189063
0 0.455906 0.838598 0.437344 0.322804 0.00188758
0 0.394477 0.81361 0.314156 0.37278 0.00188676
0 0.19465 0.395555 0.3893 0.791111 0.0018835
0 0.973694 0.577864 0.0526124 0.370768 0.00187384
0 0.649436 0.894652 0.319049 0.210696 0.00187296
0 0.862538 0.210043 0.218535 0.420087 0.00187046
0 0.338992 0.427923 0.469783 0.855845 0.00186891
0 0.0448417 0.372427 0.0896833 0.286959 0.00186221
0 0.696463 0.218535 0.379168 0.437071 0.001851
0 0.936702 0.186114 0.126596 0.372227 0.00184454
0 0.306286 0.681033 0.405241 0.637933 0.00183316
0 0.972663 0.357246 0.0546744 0.400612 0.00181814
0 0.340224 0.767564 0.299997 0.464871 0.00181295
0 0.502202 0.919251 0.281534 0.161498 0.0018033
0 0.361366 0.868464 0.205404 0.263072 0.00178829
0 0.0757979 0.788688 0.151596 0.325863 0.00178711
0 0.103116 0.697528 0.206233 0.604944 0.00178619
0 0.403475 0.865305 0.289101 0.26939 0.00178536
0 0.659135 0.420185 0.520183 0.84037 0.00178178
0 0.979837 0.520159 0.0403258 0.431756 0.00177552
0 0.0350884 0.53716 0.0701767 0.285662 0.00177516
0 0.290961 0.736768 0.246865 0.526463 0.00177045
0 0.116236 0.872017 0.232473 0.255967 0.00176657
0 0.465703 0.928368 0.24729 0.143263 0.00176263
0 0.049371 0.911913 0.098742 0.176175 0.00175759
0 0.452617 0.298018 0.444887 0.596036 0.00175339
0 0.589825 0.920403 0.239585 0.159193 0.00175121
0 0.0338135 0.585541 0.0676269 0.286703 0.00174997
0 0.880577 0.638694 0.238845 0.637407 0.0017474
0 0.719296 0.280051 0.454756 0.560103 0.00174504
0 0.754158 0.915092 0.276893 0.169815 0.00174476
0 0.480325 0.377309 0.483291 0.754619 0.00174433
0 0.638733 0.540662 0.509708 0.897997 0.00174368
0 0.15017 0.294131 0.276916 0.588262 0.00174167
0 0.751274 0.140278 0.32457 0.280555 0.00174041
0 0.943416 0.870337 0.113168 0.259326 0.00173928
0 0.148513 0.935767 0.236753 0.128466 0.00173358
0 0.419389 0.404122 0.477942 0.808244 0.00173116
0 0.515348 0.626099 0.500826 0.747803 0.00172793
0 0.030659 0.764725 0.0613179 0.277338 0.00172495
0 0.312727 0.154245 0.320335 0.30849 0.00172432
0 0.621699 0.296439 0.495951 0.592878 0.00172211
0 0.0336808 0.329507 0.0673615 0.294463 0.00171964
0 0.644526 0.938068 0.252407 0.123863 0.00171868
0 0.104108 0.934297 0.208216 0.131406 0.00171559
0 0.355466 0.622199 0.411346 0.685425 0.00171456
0 0.802026 0.91773 0.234268 0.16454 0.00171361
0 0.176226 0.90705 0.249481 0.185899 0.00171157
0 0.378723 0.270154 0.44596 0.540307 0.00171146
0 0.324783 0.692064 0.273537 0.574285 0.00170857
0 0.978346 0.402572 0.043307 0.452158 0.00170796
0 0.142424 0.845713 0.284848 0.308574 0.00170627
0 0.0638525 0.0588037 0.127705 0.117607 0.00170582
0 0.978613 0.635725 0.0427748 0.436532 0.00170564
0 0.379376 0.515933 0.443358 0.788519 0.00170226
0 0.846052 0.91932 0.208912 0.161359 0.0017007
0 0.108708 0.276694 0.169973 0.553388 0.00169923
0 0.916161 0.903546 0.167678 0.192908 0.00169684
0 0.709424 0.906864 0.309831 0.186272 0.00169436
0 0.030973 0.144463 0.061946 0.287874 0.00169261
0 0.828603 0.582016 0.342794 0.813927 0.00168835
0 0.778217 0.542701 0.443566 0.906815 0.00168183
0 0.883235 0.920154 0.21315 0.159691 0.00167991
0 0.822964 0.0560857 0.23882 0.112171 0.0016751
0 0.0800035 0.25459 0.160007 0.50918 0.00167229
0 0.0639242 0.201072 0.127848 0.354999 0.00167195
0 0.601004 0.377173 0.516674 0.754346 0.00166791
0 0.319662 0.904813 0.193735 0.190373 0.00166702
0 0.219757 0.347985 0.413876 0.69597 0.00166484
0 0.309919 0.854143 0.193314 0.291714 0.00166402
0 0.818821 0.138399 0.33057 0.276797 0.00166157
0 0.549417 0.303366 0.509565 0.606732 0.00165765
0 0.384682 0.733942 0.321784 0.532116 0.00165094
0 0.895035 0.720803 0.209929 0.558393 0.00164791
0 0.232368 0.841133 0.251368 0.317734 0.00164498
0 0.252753 0.908083 0.206976 0.183835 0.00164206
0 0.409764 0.921243 0.215594 0.157515 0.00163994
0 0.360526 0.675744 0.271401 0.514135 0.00163843
0 0.0340843 0.830724 0.0681686 0.296008 0.00163768
0 0.27694 0.846865 0.210601 0.306271 0.00163759
0 0.376532 0.912449 0.207813 0.175103 0.00163515
0 0.725329 0.0514838 0.240844 0.102968 0.00163266
0 0.435948 0.66053 0.386703 0.619395 0.00162642
0 0.0613781 0.649685 0.122756 0.551457 0.00162116
0 0.0309065 0.643086 0.0618129 0.284382 0.00161841
0 0.693678 0.30084 0.507374 0.60168 0.00161804
0 0.0450113 0.590739 0.0900227 0.442213 0.00161293
0 0.0742714 0.931769 0.148543 0.136462 0.00161195
0 0.537427 0.848361 0.430769 0.303277 0.00161062
0 0.23172 0.652512 0.433753 0.694975 0.00160996
0 0.144287 0.269982 0.174993 0.539963 0.00160592
0 0.93147 0.242548 0.13706 0.322281 0.00160339
0 0.0278565 0.704532 0.055713 0.273627 0.00159099
0 0.0649391 0.71039 0.129878 0.317188 0.00158748
0 0.0700238 0.153567 0.140048 0.307134 0.00158536
0 0.288954 0.0453751 0.230346 0.0907503 0.00158469
0 0.161118 0.644872 0.322236 0.710255 0.00158416
0 0.835939 0.19477 0.328123 0.389539 0.00158305
0 0.842381 0.672503 0.315238 0.654994 0.00158242
0 0.235594 0.787856 0.217737 0.424287 0.00157584
0 0.700334 0.937177 0.256973 0.125647 0.00157372
0 0.579417 0.443928 0.515048 0.887856 0.00156994
0 0.967842 0.229913 0.0643167 0.44946 0.00156922
0 0.492633 0.938763 0.237199 0.122475 0.00156142
0 0.26323 0.427262 0.443423 0.816765 0.00155197
0 0.857543 0.74284 0.284914 0.514319 0.00154585
0 0.214083 0.931675 0.225232 0.136651 0.00152801
0 0.048415 0.639037 0.09683 0.314871 0.00152657
0 0.22617 0.0425833 0.231013 0.0851666 0.00151826
0 0.0332161 0.269735 0.0664322 0.286859 0.00151563
0 0.351553 0.0483887 0.233721 0.0967775 0.00151063
0 0.770868 0.936037 0.235417 0.127926 0.00150677
0 0.0633442 0.331769 0.126688 0.311672 0.00149703
0 0.130336 0.0448712 0.234979 0.0897424 0.00148964
0 0.468647 0.557705 0.409677 0.723652 0.00147531
0 0.279624 0.929056 0.218187 0.141888 0.00146986
0 0.0298193 0.206293 0.0596387 0.274295 0.00146218
0 0.253762 0.143502 0.325773 0.287003 0.00145469
0 0.106004 0.265017 0.128597 0.457029 0.00145324
0 0.43325 0.93646 0.234219 0.12708 0.00144609
0 0.182181 0.127414 0.311278 0.254829 0.00144431
0 0.558304 0.579909 0.491623 0.840182 0.00143112
0 0.067499 0.273989 0.134998 0.319656 0.0014282
0 0.341313 0.928279 0.222689 0.143441 0.0014234
0 0.41356 0.0494573 0.236295 0.0989147 0.00141754
0 0.909787 0.932041 0.180427 0.135917 0.0014163
0 0.180865 0.525953 0.36173 0.869589 0.00139375
0 0.0391106 0.882775 0.0782212 0.23445 0.00139091
0 0.0452822 0.340914 0.0905643 0.43122 0.00136889
0 0.131036 0.135557 0.262072 0.271115 0.00136885
0 0.374513 0.141489 0.318491 0.282977 0.00136847
0 0.665393 0.050354 0.235666 0.100708 0.00134856
0 0.0637357 0.324225 0.127471 0.508066 0.00134142
0 0.0930577 0.0471289 0.186115 0.0942579 0.00133115
0 0.475608 0.0511735 0.238788 0.102347 0.00131789
0 0.603431 0.0530375 0.23318 0.106075 0.00131704
0 0.0347854 0.483429 0.0695708 0.2853 0.00131593
0 0.540296 0.0528964 0.236068 0.105793 0.00129467
0 0.0382877 0.408722 0.0765754 0.384002 0.00127373
0 0.437692 0.133352 0.319551 0.266704 0.00126802
0 0.0404545 0.510169 0.080909 0.453431 0.001268
0 0.0866189 0.333712 0.173238 0.667425 0.00125
0 0.550202 0.937216 0.244056 0.125569 0.00124095
0 0.692451 0.135659 0.32723 0.271319 0.00120322
0 0.528283 0.133332 0.31416 0.266665 0.0011849
0 0.585484 0.136193 0.299271 0.272386 0.00118225
0 0.143762 0.441274 0.287524 0.806813 0.00114228
0 0.852621 0.39302 0.0298393 0.0510509 0.00101041
