0 0.53175 0.778889 0.023 0.0444445 1
0 0.700053 0.79208 0.375599 0.415841 0.0204674
0 0.616724 0.719763 0.462655 0.560474 0.008059
0 0.74454 0.814643 0.288595 0.370715 0.0071657
0 0.754177 0.752229 0.276774 0.495542 0.00595942
0 0.830468 0.146105 0.339065 0.29221 0.00440741
0 0.675077 0.691512 0.213054 0.563323 0.00366356
0 0.801855 0.810211 0.310289 0.379578 0.00346421
0 0.869003 0.802613 0.261994 0.394774 0.0032797
0 0.865682 0.15502 0.268636 0.31004 0.00319634
0 0.402981 0.272289 0.449819 0.544578 0.00317061
0 0.816879 0.242624 0.366242 0.485248 0.00293282
0 0.93385 0.795446 0.1323 0.409108 0.00276385
0 0.851256 0.106949 0.297487 0.213898 0.00275256
0 0.0395328 0.061659 0.0790656 0.123318 0.00273669
0 0.680166 0.252444 0.409651 0.504888 0.00271474
0 0.529559 0.665455 0.518355 0.66909 0.00266498
0 0.315561 0.254182 0.437592 0.508365 0.00262372
0 0.902092 0.820087 0.195816 0.359826 0.00260439
0 0.692269 0.694403 0.0907235 0.365645 0.0025643
0 0.661597 0.31829 0.517394 0.636579 0.00256316
0 0.815196 0.306871 0.369608 0.613743 0.0025588
0 0.660064 0.644199 0.0880018 0.372213 0.00238952
0 0.361785 0.661187 0.509126 0.677626 0.00238892
0 0.422471 0.659711 0.533326 0.680578 0.00236335
0 0.49616 0.257828 0.39842 0.515656 0.00234732
0 0.725271 0.749421 0.137111 0.461456 0.00234497
0 0.678621 0.406519 0.47143 0.813039 0.00234341
0 0.940258 0.531509 0.119484 0.511937 0.00233708
0 0.706728 0.24265 0.514969 0.485299 0.00225974
0 0.690445 0.638051 0.0822802 0.29297 0.00225015
0 0.965529 0.775248 0.0689419 0.435903 0.00224725
0 0.21493 0.783089 0.370357 0.433822 0.00224362
0 0.668358 0.834462 0.42173 0.331076 0.00222864
0 0.154227 0.792219 0.308455 0.415562 0.00221103
0 0.874043 0.0622587 0.251915 0.124517 0.00220617
0 0.63627 0.599892 0.147285 0.526523 0.00220574
0 0.887755 0.470778 0.224489 0.591775 0.00218305
0 0.961951 0.14857 0.0760972 0.29714 0.00216505
0 0.971532 0.468459 0.0569363 0.399767 0.00215882
0 0.770797 0.282654 0.458406 0.565307 0.00215879
0 0.920747 0.0697171 0.158505 0.139434 0.00215364
0 0.91661 0.416804 0.16678 0.381758 0.00214915
0 0.62045 0.277387 0.409799 0.554774 0.0021479
0 0.676307 0.640611 0.130681 0.43663 0.00213233
0 0.944151 0.658285 0.111697 0.50741 0.00213074
0 0.314621 0.859253 0.430316 0.281494 0.00211928
0 0.27307 0.701771 0.440783 0.596458 0.00210908
0 0.323216 0.564154 0.387317 0.538267 0.00210745
0 0.502141 0.329042 0.44796 0.658085 0.00210286
0 0.666632 0.554459 0.409177 0.806795 0.00209735
0 0.260914 0.208809 0.401412 0.417617 0.00208585
0 0.84661 0.260341 0.30678 0.520682 0.00208516
0 0.261236 0.883409 0.256379 0.233183 0.00207116
0 0.935598 0.408882 0.128804 0.400987 0.00206961
0 0.940126 0.915656 0.119748 0.168688 0.00205939
0 0.514441 0.888873 0.351774 0.222253 0.00205305
0 0.58153 0.885942 0.361573 0.228116 0.00201908
0 0.0647522 0.0668346 0.129504 0.133669 0.00201475
0 0.386051 0.835048 0.509485 0.329904 0.00201188
0 0.129593 0.833777 0.259185 0.332445 0.00200456
0 0.463315 0.90493 0.322737 0.19014 0.00199319
0 0.186326 0.842392 0.248477 0.315216 0.00199297
0 0.83247 0.346592 0.335061 0.528686 0.00199203
0 0.0978438 0.854416 0.195688 0.291169 0.00198884
0 0.824557 0.760053 0.329432 0.479895 0.00198874
0 0.821999 0.415507 0.356003 0.75587 0.0019807
0 0.649649 0.881757 0.343013 0.236486 0.00198048
0 0.836622 0.841316 0.326756 0.317369 0.00196635
0 0.770217 0.394841 0.459565 0.789683 0.00196548
0 0.319315 0.720358 0.459247 0.559283 0.00196237
0 0.715508 0.199919 0.483332 0.399839 0.00195734
0 0.378354 0.327111 0.486732 0.654222 0.00195699
0 0.938568 0.0810217 0.122863 0.162043 0.00195648
0 0.0767696 0.696669 0.153539 0.532476 0.00193928
0 0.203543 0.878316 0.172327 0.243367 0.00193623
0 0.764377 0.11729 0.335036 0.23458 0.00192094
0 0.223625 0.32176 0.438647 0.64352 0.00191264
0 0.974083 0.579635 0.0518337 0.369757 0.00191224
0 0.0720104 0.805603 0.144021 0.388793 0.00190948
0 0.127448 0.530362 0.254896 0.535136 0.00190606
0 0.23076 0.832898 0.295646 0.334205 0.00190344
0 0.464005 0.813305 0.505429 0.37339 0.00190329
0 0.763352 0.754733 0.210019 0.490534 0.00190305
0 0.543589 0.937072 0.260034 0.125855 0.00190056
0 0.719664 0.678228 0.119828 0.361439 0.00189812
0 0.963171 0.204371 0.0736586 0.408743 0.00189786
0 0.150741 0.866716 0.182589 0.266568 0.00189476
0 0.083082 0.912235 0.166164 0.17553 0.00189179
0 0.862532 0.548517 0.274936 0.716608 0.00188291
0 0.913142 0.128934 0.173715 0.257868 0.00187812
0 0.752734 0.844213 0.367874 0.311575 0.00187684
0 0.82369 0.0607378 0.24035 0.121476 0.00187432
0 0.0477411 0.900463 0.0954821 0.199073 0.0018679
0 0.0997598 0.901664 0.19952 0.196672 0.00186266
0 0.609685 0.93679 0.265488 0.126421 0.00185559
0 0.436956 0.428771 0.456409 0.849178 0.00185118
0 0.274808 0.799716 0.377797 0.400568 0.00184915
0 0.486909 0.938461 0.249036 0.123078 0.00184466
0 0.820653 0.187939 0.349097 0.375879 0.00184329
0 0.331915 0.516308 0.450369 0.830282 0.00184026
0 0.285804 0.313307 0.463555 0.626614 0.0018383
0 0.345188 0.932247 0.216866 0.135506 0.0018376
0 0.544043 0.351848 0.463045 0.703696 0.00183724
0 0.299451 0.629859 0.455417 0.740283 0.00183677
0 0.038106 0.0901907 0.0762121 0.180381 0.00183402
0 0.973265 0.701995 0.0534706 0.384274 0.0018263
0 0.097578 0.630128 0.195156 0.566669 0.00181814
0 0.290414 0.500293 0.244634 0.122914 0.00179987
0 0.0506599 0.92359 0.10132 0.152821 0.0017965
0 0.0736286 0.675799 0.147257 0.305431 0.00179557
0 0.980166 0.636618 0.0396671 0.42439 0.00179536
0 0.423379 0.92935 0.261929 0.141299 0.00179372
0 0.747745 0.449483 0.46791 0.896702 0.00178676
0 0.978847 0.51111 0.0423052 0.45659 0.00177373
0 0.582441 0.823216 0.482756 0.353569 0.00177268
0 0.133976 0.628877 0.267952 0.668937 0.00176826
0 0.800372 0.518086 0.399257 0.853217 0.00176518
0 0.0775662 0.879753 0.155132 0.240493 0.00176501
0 0.211789 0.678941 0.423578 0.642119 0.00176334
0 0.268334 0.686171 0.344473 0.535146 0.00176304
0 0.934937 0.327235 0.130125 0.361267 0.00176189
0 0.0744541 0.620743 0.148908 0.308447 0.00176071
0 0.919008 0.250835 0.161984 0.465859 0.00175201
0 0.942947 0.868027 0.114106 0.263945 0.00174986
0 0.713898 0.662732 0.172613 0.453697 0.0017486
0 0.407902 0.132263 0.340817 0.264526 0.00174324
0 0.317145 0.65303 0.313607 0.425644 0.00173775
0 0.136276 0.906188 0.186793 0.187623 0.00173576
0 0.168344 0.412979 0.336688 0.716114 0.00173558
0 0.11951 0.501178 0.174586 0.304671 0.001734
0 0.949635 0.188661 0.100729 0.377322 0.00173332
0 0.965202 0.36258 0.0695953 0.401684 0.00173314
0 0.218351 0.658736 0.350664 0.607879 0.00172918
0 0.0676921 0.381965 0.135384 0.48747 0.0017274
0 0.91469 0.31374 0.170621 0.315052 0.00171351
0 0.172324 0.636054 0.344648 0.723685 0.00171046
0 0.861386 0.917506 0.265149 0.164988 0.00170455
0 0.285626 0.92418 0.196809 0.151639 0.00170209
0 0.170767 0.687356 0.341534 0.625287 0.00169986
0 0.614773 0.556028 0.129945 0.47276 0.00169841
0 0.432973 0.556639 0.509319 0.825453 0.00169071
0 0.600352 0.542463 0.216416 0.634627 0.00168921
0 0.799558 0.748189 0.272015 0.503621 0.00168587
0 0.0319921 0.374559 0.0639841 0.266183 0.00168041
0 0.901615 0.779161 0.19677 0.441678 0.00167936
0 0.0308931 0.48423 0.0617861 0.279895 0.00167679
0 0.0324505 0.42818 0.064901 0.273317 0.00167492
0 0.205324 0.279101 0.410649 0.558203 0.00167465
0 0.175787 0.313484 0.351575 0.626969 0.00166827
0 0.96244 0.295203 0.0751194 0.382866 0.00166667
0 0.0741231 0.561234 0.148246 0.309738 0.00165995
0 0.940125 0.133439 0.11975 0.266879 0.00165792
0 0.708949 0.878139 0.318447 0.243722 0.00165478
0 0.727523 0.0529381 0.236934 0.105876 0.00164824
0 0.0316899 0.542675 0.0633798 0.276355 0.00164682
0 0.818314 0.911006 0.282467 0.177989 0.00164445
0 0.252132 0.916193 0.192374 0.167614 0.00164326
0 0.0823489 0.452244 0.164698 0.497706 0.00164013
0 0.0251156 0.210469 0.0502312 0.257257 0.00163741
0 0.22255 0.909707 0.191451 0.180586 0.00163648
0 0.532374 0.570855 0.456967 0.81079 0.00163433
0 0.0425046 0.825353 0.0850092 0.312999 0.00163231
0 0.0407496 0.767345 0.0814992 0.299021 0.00162984
0 0.0723094 0.928969 0.144619 0.142062 0.00162904
0 0.185336 0.499386 0.332091 0.623857 0.00162744
0 0.675513 0.938211 0.257236 0.123578 0.00162309
0 0.713464 0.582321 0.387342 0.682763 0.00162097
0 0.890152 0.716727 0.219696 0.566546 0.00162081
0 0.902921 0.892219 0.194157 0.215563 0.00161183
0 0.131956 0.484137 0.154193 0.22272 0.00161164
0 0.820811 0.118382 0.303873 0.236763 0.0016045
0 0.201648 0.385442 0.388857 0.693429 0.00160306
0 0.81869 0.638502 0.362621 0.694029 0.00160171
0 0.0341256 0.598228 0.0682512 0.275734 0.00159915
0 0.0889222 0.521717 0.177844 0.452226 0.00159871
0 0.348122 0.10999 0.344516 0.21998 0.00159058
0 0.0292236 0.320992 0.0584473 0.261888 0.00158723
0 0.381312 0.0508683 0.238496 0.101737 0.00158535
0 0.30365 0.400955 0.433075 0.801909 0.00158377
0 0.10195 0.927524 0.203901 0.144951 0.00157779
0 0.0364557 0.653259 0.0729115 0.279067 0.00157493
0 0.0297749 0.144363 0.0595499 0.268289 0.00157491
0 0.955326 0.287877 0.089348 0.485154 0.00157464
0 0.0710389 0.452074 0.142078 0.275359 0.0015681
0 0.76616 0.67667 0.276483 0.534252 0.00156773
0 0.520565 0.432037 0.444449 0.830185 0.0015631
0 0.309102 0.936608 0.226476 0.126784 0.00156092
0 0.317401 0.0507902 0.241016 0.10158 0.00155924
0 0.0377188 0.708395 0.0754377 0.284949 0.00155073
0 0.855156 0.751315 0.289689 0.497371 0.00155059
0 0.127773 0.439591 0.0607112 0.0983827 0.00154899
0 0.584991 0.396122 0.45122 0.792244 0.00154857
0 0.0722007 0.500915 0.144401 0.298984 0.00154485
0 0.0261728 0.266991 0.0523455 0.260184 0.00154203
0 0.0625225 0.338922 0.125045 0.270688 0.00153929
0 0.206383 0.148692 0.364356 0.297383 0.00153365
0 0.235326 0.481597 0.392034 0.685356 0.00152882
0 0.832101 0.720505 0.320425 0.55899 0.00152078
0 0.213209 0.497757 0.0950527 0.109933 0.00151971
0 0.77259 0.89111 0.304941 0.21778 0.00151542
0 0.256516 0.589778 0.202142 0.298086 0.00150342
0 0.663276 0.0501837 0.239297 0.100367 0.0014999
0 0.0410694 0.86951 0.0821388 0.260981 0.0014884
0 0.0690494 0.398727 0.138099 0.281136 0.00148452
0 0.445699 0.0510232 0.233876 0.102046 0.00148352
0 0.146224 0.575636 0.179519 0.354819 0.00148268
0 0.200302 0.514142 0.219368 0.31499 0.00148216
0 0.15541 0.929153 0.21808 0.141693 0.00147168
0 0.255449 0.05291 0.24117 0.10582 0.00147021
0 0.0568557 0.276331 0.113711 0.252518 0.00146925
0 0.130658 0.45493 0.0669965 0.137553 0.00144561
0 0.216656 0.929815 0.221134 0.14037 0.00144087
0 0.693497 0.140219 0.336931 0.280437 0.0014399
0 0.600122 0.0485976 0.239768 0.0971952 0.00142373
0 0.147503 0.479255 0.13348 0.168063 0.00142264
0 0.0598564 0.301681 0.119713 0.377994 0.00141563
0 0.195316 0.0532745 0.24194 0.106549 0.00140901
0 0.613814 0.475936 0.435812 0.787679 0.0014079
0 0.459291 0.139855 0.301515 0.279709 0.00140439
0 0.867006 0.937653 0.241914 0.124694 0.00140017
0 0.556508 0.524308 0.282106 0.572096 0.00138443
0 0.509283 0.0477814 0.232841 0.0955627 0.00137344
0 0.180747 0.493403 0.107245 0.125525 0.00136786
0 0.189435 0.563777 0.150074 0.26716 0.00136091
0 0.907304 0.932862 0.185392 0.134275 0.00135364
0 0.111028 0.054209 0.222056 0.108418 0.00133143
0 0.0686305 0.193896 0.137261 0.260963 0.00132865
0 0.0748799 0.116188 0.14976 0.232375 0.00132087
0 0.180129 0.116081 0.337082 0.232163 0.00131545
0 0.632108 0.153965 0.329028 0.30793 0.0013061
0 0.283305 0.100187 0.330483 0.200373 0.00129377
0 0.735049 0.93813 0.253812 0.123739 0.00126737
0 0.62518 0.517679 0.0165969 0.021923 0.00119822
0 0.155956 0.251832 0.311911 0.503663 0.00117671
0 0.529474 0.144262 0.306838 0.288524 0.00116617
0 0.793136 0.935568 0.256188 0.128864 0.00114867
0 0.0647164 0.20054 0.129433 0.366486 0.00114788
0 0.626261 0.531988 0.0170825 0.0266709 0.00111737
0 0.126834 0.103221 0.253668 0.206441 0.00109385
0 0.214139 0.0944635 0.312151 0.188927 0.00107213
