0 0.478625 0.585333 0.0135 0.0311111 1
0 0.4305 0.307778 0.0055 0.0146667 1
0 0.758877 0.18251 0.44763 0.365021 0.00360256
0 0.464016 0.663874 0.529279 0.672252 0.00317929
0 0.34939 0.271099 0.438598 0.542197 0.00316429
0 0.285209 0.225932 0.431182 0.451864 0.00298822
0 0.451037 0.279402 0.442194 0.558804 0.00289361
0 0.802042 0.152557 0.395916 0.305114 0.00271195
0 0.216298 0.175712 0.432596 0.351423 0.00270688
0 0.910288 0.412624 0.179424 0.65125 0.00265108
0 0.822464 0.697752 0.355071 0.604496 0.00265049
0 0.926495 0.538625 0.147011 0.346336 0.00263729
0 0.0386528 0.0596252 0.0773056 0.11925 0.0026315
0 0.545106 0.249812 0.440705 0.499623 0.00257556
0 0.680878 0.167073 0.420954 0.334147 0.00255611
0 0.367951 0.697512 0.43869 0.604975 0.00254449
0 0.853416 0.75058 0.293169 0.49884 0.00254112
0 0.864228 0.160409 0.271543 0.320818 0.00248948
0 0.914216 0.505294 0.171568 0.542783 0.00248385
0 0.90303 0.719228 0.19394 0.561545 0.00247948
0 0.62983 0.736592 0.384419 0.526816 0.00246852
0 0.554715 0.857302 0.402059 0.285396 0.00241731
0 0.546163 0.673051 0.44628 0.653899 0.00241099
0 0.965275 0.479541 0.0694492 0.383498 0.00237557
0 0.745562 0.260387 0.508876 0.520774 0.00234903
0 0.684175 0.779895 0.385838 0.44021 0.00231638
0 0.971619 0.417254 0.0567628 0.402887 0.00231459
0 0.905244 0.540569 0.189513 0.228114 0.00230013
0 0.926511 0.316384 0.146979 0.531528 0.00229026
0 0.972639 0.34786 0.0547221 0.402294 0.00228502
0 0.925998 0.708726 0.148005 0.516623 0.00224072
0 0.592024 0.207762 0.428671 0.415524 0.00222308
0 0.640073 0.859694 0.395644 0.280611 0.00221873
0 0.895242 0.733518 0.209516 0.532965 0.00220477
0 0.432908 0.829662 0.49433 0.340676 0.00220198
0 0.757699 0.535542 0.474784 0.880949 0.00219779
0 0.624328 0.307544 0.538629 0.615089 0.00216372
0 0.114673 0.803312 0.214301 0.393375 0.00215833
0 0.135736 0.77749 0.271472 0.445019 0.00214386
0 0.735339 0.857629 0.41121 0.284742 0.00214252
0 0.968863 0.63765 0.0622744 0.421378 0.00213596
0 0.814813 0.308913 0.370373 0.617827 0.00212771
0 0.940194 0.918756 0.119612 0.162487 0.00212719
0 0.298786 0.787961 0.328091 0.424078 0.0021261
0 0.363786 0.751172 0.419063 0.497656 0.00212201
0 0.918951 0.158948 0.162098 0.317896 0.00211514
0 0.170702 0.807983 0.191781 0.384033 0.00211387
0 0.232611 0.804928 0.222983 0.390144 0.00210698
0 0.790137 0.845153 0.419726 0.309694 0.00210503
0 0.17845 0.786281 0.243395 0.427437 0.00210453
0 0.959364 0.763472 0.0812712 0.452597 0.00209763
0 0.905907 0.692974 0.188185 0.430309 0.00209682
0 0.0746508 0.761219 0.149302 0.477562 0.00209164
0 0.346815 0.848236 0.433095 0.303528 0.0020845
0 0.464667 0.897957 0.321326 0.204087 0.00207859
0 0.802993 0.676274 0.394013 0.647453 0.00207128
0 0.781326 0.35795 0.437347 0.715901 0.0020532
0 0.411678 0.71373 0.502169 0.57254 0.00205067
0 0.635236 0.407215 0.512644 0.81443 0.00205021
0 0.91703 0.799763 0.16594 0.400474 0.00204423
0 0.180834 0.126698 0.361669 0.253395 0.00203919
0 0.53911 0.330826 0.549914 0.661653 0.00203685
0 0.856947 0.516702 0.286105 0.70647 0.0020201
0 0.936874 0.0677548 0.126253 0.13551 0.00201459
0 0.0846581 0.704642 0.169316 0.535074 0.00200482
0 0.770665 0.196317 0.458669 0.392635 0.00200185
0 0.955209 0.54267 0.0895811 0.375036 0.00200164
0 0.807641 0.402993 0.384719 0.805986 0.00200117
0 0.757173 0.502468 0.393794 0.718047 0.0019957
0 0.942315 0.819589 0.11537 0.360821 0.00199203
0 0.960739 0.595142 0.0785222 0.392558 0.00198601
0 0.0837307 0.905063 0.167461 0.189875 0.00196511
0 0.689901 0.931777 0.217642 0.136446 0.00195602
0 0.100229 0.892446 0.200458 0.215108 0.00195277
0 0.329452 0.858993 0.314973 0.282013 0.00194503
0 0.492716 0.55105 0.542542 0.812051 0.0019433
0 0.904189 0.631006 0.191622 0.288683 0.00193826
0 0.843429 0.572045 0.203499 0.278243 0.00192664
0 0.100475 0.839849 0.20095 0.320302 0.00192263
0 0.654105 0.928597 0.229268 0.142806 0.00192194
0 0.55135 0.899711 0.310474 0.200578 0.00191142
0 0.380624 0.335764 0.488078 0.671528 0.00191044
0 0.601199 0.918267 0.270426 0.163465 0.00189977
0 0.923515 0.234983 0.152969 0.469966 0.00189961
0 0.630426 0.511507 0.47431 0.879782 0.00189571
0 0.167237 0.717758 0.334474 0.564485 0.00188465
0 0.877955 0.928742 0.233654 0.142516 0.00188377
0 0.344779 0.797937 0.362964 0.404127 0.00188347
0 0.0635056 0.0594828 0.127011 0.118966 0.00187569
0 0.74446 0.933705 0.223528 0.132589 0.00186781
0 0.810378 0.934393 0.214928 0.131214 0.00185851
0 0.176023 0.549571 0.352045 0.892849 0.00184822
0 0.202981 0.733738 0.360615 0.532523 0.00184364
0 0.0742319 0.739878 0.148464 0.299686 0.00184296
0 0.782006 0.251459 0.435988 0.502917 0.00184143
0 0.910156 0.902625 0.179688 0.19475 0.00184049
0 0.0483405 0.897344 0.096681 0.205313 0.00184038
0 0.783461 0.135944 0.335628 0.271888 0.0018399
0 0.0740844 0.680531 0.148169 0.291297 0.00183981
0 0.795584 0.448781 0.256696 0.347439 0.00183163
0 0.808293 0.61731 0.383414 0.588109 0.00183099
0 0.287692 0.331962 0.477926 0.663924 0.00182317
0 0.486744 0.333221 0.482023 0.666443 0.00181834
0 0.538812 0.398471 0.511864 0.796942 0.00181354
0 0.229439 0.362177 0.458877 0.619533 0.00181326
0 0.0321943 0.114864 0.0643886 0.229729 0.00180501
0 0.103261 0.474548 0.206523 0.49614 0.0017913
0 0.845413 0.525929 0.138899 0.209522 0.00178949
0 0.0288871 0.141068 0.0577743 0.282136 0.00178918
0 0.0509946 0.92264 0.101989 0.15472 0.00178415
0 0.30105 0.867745 0.219109 0.264509 0.00178188
0 0.269539 0.828405 0.228129 0.343189 0.00178053
0 0.97916 0.282467 0.0416807 0.46553 0.00177782
0 0.204877 0.34071 0.409754 0.315517 0.00177386
0 0.945194 0.163585 0.109611 0.327171 0.00177241
0 0.393592 0.257277 0.445741 0.377641 0.00177198
0 0.207805 0.820778 0.201207 0.358445 0.00176912
0 0.411804 0.57823 0.543819 0.843541 0.00176806
0 0.76909 0.710379 0.444923 0.579243 0.00176801
0 0.133057 0.895266 0.195667 0.209468 0.00176471
0 0.807698 0.196407 0.384603 0.392814 0.00176462
0 0.283836 0.480878 0.489864 0.807 0.00175274
0 0.407319 0.422146 0.517487 0.844292 0.0017514
0 0.272575 0.350857 0.432427 0.456946 0.00174238
0 0.247434 0.3262 0.389338 0.173889 0.00173838
0 0.688627 0.333851 0.518221 0.667702 0.00173795
0 0.203923 0.629642 0.407846 0.740716 0.00172944
0 0.216991 0.374482 0.433983 0.748963 0.00172569
0 0.977969 0.401869 0.0440626 0.479568 0.00172462
0 0.774933 0.938753 0.226869 0.122494 0.00172035
0 0.487513 0.938095 0.251416 0.123809 0.00171373
0 0.75371 0.762695 0.452224 0.47461 0.00170602
0 0.943794 0.875274 0.112413 0.249451 0.00170503
0 0.893638 0.937812 0.212724 0.124376 0.00170092
0 0.9758 0.22739 0.0484009 0.45478 0.0016966
0 0.191893 0.894891 0.19932 0.210219 0.001693
0 0.0819897 0.865174 0.163979 0.269652 0.00168644
0 0.265128 0.865682 0.184672 0.268635 0.00167739
0 0.276897 0.671705 0.424978 0.656591 0.00167389
0 0.966454 0.202672 0.0670922 0.405344 0.00166704
0 0.625047 0.629552 0.452816 0.740897 0.0016662
0 0.131048 0.392569 0.262096 0.568806 0.00166507
0 0.732927 0.422324 0.48747 0.844648 0.00166235
0 0.347769 0.922774 0.212995 0.154451 0.00165091
0 0.77807 0.617798 0.443861 0.764404 0.00165083
0 0.0719123 0.927717 0.143825 0.144567 0.00165049
0 0.0734869 0.824304 0.146974 0.3215 0.00164915
0 0.0743628 0.639377 0.148726 0.461113 0.00164398
0 0.0256264 0.203104 0.0512527 0.263372 0.00163843
0 0.873789 0.516797 0.148974 0.166388 0.00163742
0 0.284441 0.904446 0.195534 0.191109 0.00163738
0 0.901853 0.0528356 0.196294 0.105671 0.00163544
0 0.315983 0.914739 0.20218 0.170522 0.00163502
0 0.543525 0.936733 0.258979 0.126534 0.00163128
0 0.0685232 0.615844 0.137046 0.26051 0.00163103
0 0.424542 0.926907 0.259869 0.146186 0.0016284
0 0.025639 0.542325 0.0512781 0.259469 0.0016281
0 0.253934 0.899054 0.195818 0.201891 0.00162745
0 0.374768 0.38491 0.411472 0.478965 0.00162304
0 0.0728934 0.40266 0.145787 0.276412 0.00162203
0 0.0661627 0.336463 0.132325 0.269961 0.0016196
0 0.41097 0.119137 0.338245 0.238273 0.00161694
0 0.92568 0.927426 0.148639 0.145148 0.00161326
0 0.347029 0.612982 0.495934 0.774036 0.00161141
0 0.23024 0.518015 0.46048 0.627608 0.00160899
0 0.241126 0.427447 0.423039 0.308402 0.00160543
0 0.455315 0.438884 0.433974 0.632877 0.00160069
0 0.0444739 0.824293 0.0889478 0.314095 0.00160012
0 0.0264647 0.601763 0.0529295 0.258359 0.0015988
0 0.788255 0.0520952 0.238504 0.10419 0.00158709
0 0.172718 0.530655 0.345436 0.683259 0.00158508
0 0.205309 0.392325 0.370491 0.17454 0.00158252
0 0.369541 0.448746 0.437142 0.654954 0.00158243
0 0.381138 0.0469927 0.235422 0.0939855 0.00157265
0 0.0339748 0.429872 0.0679497 0.245088 0.00157185
0 0.101569 0.924557 0.203139 0.150887 0.0015662
0 0.0416844 0.769347 0.0833688 0.294869 0.00156583
0 0.0314806 0.383528 0.0629613 0.246061 0.00155842
0 0.0296038 0.484066 0.0592077 0.257596 0.00155023
0 0.0531073 0.258372 0.106215 0.25455 0.00154578
0 0.475435 0.0491472 0.237964 0.0982943 0.00154103
0 0.0547394 0.183547 0.109479 0.281647 0.00153714
0 0.505201 0.130543 0.333408 0.261087 0.00153561
0 0.0304124 0.658947 0.0608248 0.264655 0.00153332
0 0.319024 0.0428388 0.234939 0.0856777 0.00153196
0 0.614967 0.936852 0.238414 0.126295 0.00152769
0 0.893324 0.546232 0.157194 0.145141 0.00152367
0 0.894032 0.203924 0.211935 0.407848 0.00152325
0 0.256634 0.0435579 0.234498 0.0871159 0.00151987
0 0.206484 0.475834 0.412969 0.385635 0.0015194
0 0.851969 0.0487298 0.237409 0.0974595 0.00151789
0 0.128835 0.051955 0.246021 0.10391 0.00151044
0 0.0259765 0.259912 0.0519531 0.257835 0.00150516
0 0.316183 0.378257 0.407424 0.372112 0.001505
0 0.894059 0.130848 0.211881 0.261695 0.00150159
0 0.725342 0.0517123 0.242182 0.103425 0.0014962
0 0.0363609 0.713835 0.0727217 0.274702 0.00149615
0 0.0277386 0.325178 0.0554773 0.257525 0.00149528
0 0.193668 0.253541 0.387336 0.507082 0.0014864
0 0.538354 0.0488627 0.239082 0.0977253 0.0014836
0 0.0523405 0.42716 0.104681 0.201464 0.00147998
0 0.0428861 0.865997 0.0857723 0.268006 0.00147957
0 0.192516 0.0471264 0.239777 0.0942527 0.00147708
0 0.216601 0.925847 0.221608 0.148306 0.0014714
0 0.252517 0.122736 0.335897 0.245473 0.00145717
0 0.83944 0.118141 0.32112 0.236281 0.00145528
0 0.349523 0.126884 0.338012 0.253769 0.00145428
0 0.601118 0.0514719 0.240212 0.102944 0.00143782
0 0.181736 0.437934 0.323812 0.212662 0.0014333
0 0.279616 0.92771 0.221747 0.144581 0.00142238
0 0.567872 0.133381 0.334275 0.266762 0.00140834
0 0.154543 0.926208 0.220275 0.147584 0.00140348
0 0.722473 0.130237 0.333651 0.260473 0.00140285
0 0.691057 0.598648 0.460013 0.802705 0.00139434
0 0.664073 0.0524791 0.239569 0.104958 0.00138065
0 0.148256 0.396819 0.282657 0.160952 0.00137839
0 0.369711 0.936601 0.229953 0.126799 0.00135989
0 0.164899 0.336296 0.329799 0.672593 0.00134123
0 0.0961456 0.299986 0.192291 0.422541 0.0013388
0 0.0669562 0.547043 0.133912 0.246305 0.00132907
0 0.0954596 0.0533013 0.190919 0.106603 0.00132066
0 0.14469 0.425069 0.267253 0.16924 0.00130282
0 0.0685687 0.472071 0.137137 0.196304 0.00128985
0 0.066954 0.131663 0.133908 0.263325 0.0012536
0 0.473603 0.561923 0.0126267 0.0217829 0.00122382
0 0.113541 0.434555 0.227082 0.221375 0.00122298
0 0.624868 0.121629 0.326322 0.243259 0.00120957
0 0.0773553 0.174664 0.154711 0.338233 0.00118143
0 0.137857 0.111096 0.275714 0.222191 0.00118094
0 0.0592892 0.57183 0.118578 0.347665 0.00115652
0 0.159092 0.224322 0.318185 0.448645 0.00112089
0 0.47452 0.571118 0.0124959 0.0190897 0.00110384
0 0.0989632 0.429379 0.197926 0.155016 0.00101676
