0 0.55875 0.605778 0.0155 0.0324444 1
0 0.365625 0.308444 0.0085 0.0346667 1
0 0.174131 0.560111 0.0625401 0.0856318 0.0108471
0 0.649525 0.723591 0.454634 0.552818 0.00664231
0 0.587571 0.686673 0.486105 0.626655 0.00438365
0 0.677834 0.785578 0.442303 0.428844 0.00415597
0 0.598609 0.771079 0.47776 0.457841 0.00406879
0 0.786549 0.788969 0.39507 0.422062 0.00352397
0 0.849362 0.765823 0.301277 0.468354 0.0034129
0 0.1941 0.252436 0.3882 0.504872 0.00300962
0 0.16698 0.554461 0.0813679 0.0753704 0.00285
0 0.825365 0.172368 0.349271 0.344736 0.00283595
0 0.929765 0.79796 0.14047 0.404079 0.00278398
0 0.640075 0.640117 0.473184 0.719766 0.00260437
0 0.865558 0.817046 0.268883 0.365907 0.00257166
0 0.420129 0.665275 0.537562 0.66945 0.00256345
0 0.235173 0.183443 0.350487 0.366887 0.00256254
0 0.0386126 0.0571726 0.0772252 0.114345 0.00251596
0 0.863072 0.306945 0.273856 0.613891 0.00250092
0 0.880865 0.145995 0.238271 0.29199 0.00246547
0 0.793379 0.389221 0.264513 0.129249 0.00245444
0 0.563417 0.202613 0.417623 0.405226 0.00233847
0 0.142722 0.799494 0.285444 0.401012 0.00233079
0 0.465596 0.199174 0.432299 0.398348 0.00229953
0 0.205532 0.79666 0.344497 0.40668 0.00228589
0 0.934514 0.542354 0.130972 0.473392 0.00228316
0 0.620131 0.173378 0.423519 0.346756 0.00225054
0 0.740901 0.153133 0.42706 0.306266 0.00224607
0 0.276105 0.762162 0.396793 0.475676 0.00223393
0 0.335963 0.700828 0.442536 0.598344 0.00221372
0 0.818387 0.313311 0.363225 0.626622 0.00220356
0 0.269162 0.132653 0.335502 0.265307 0.00219111
0 0.597669 0.371392 0.503034 0.742784 0.00216644
0 0.409789 0.42173 0.536484 0.84346 0.00216441
0 0.719868 0.658698 0.442628 0.682604 0.00215899
0 0.939015 0.921979 0.121969 0.156041 0.00215794
0 0.919641 0.0678869 0.160717 0.135774 0.00213152
0 0.957792 0.781198 0.0844167 0.429748 0.00210798
0 0.602962 0.917607 0.292059 0.164786 0.00208313
0 0.402113 0.827215 0.496489 0.34557 0.00207827
0 0.939836 0.755971 0.120328 0.488057 0.00207573
0 0.816942 0.366482 0.348311 0.172 0.00207164
0 0.973877 0.519617 0.0522462 0.379967 0.00204709
0 0.460477 0.898516 0.323599 0.202969 0.00203884
0 0.0716494 0.752625 0.143299 0.49475 0.00203704
0 0.972723 0.23131 0.0545544 0.440531 0.00203602
0 0.936327 0.648279 0.127347 0.57617 0.00203594
0 0.323919 0.860649 0.343567 0.278702 0.00200979
0 0.8785 0.0585188 0.242999 0.117038 0.00200102
0 0.177478 0.848098 0.225047 0.303805 0.00199882
0 0.218822 0.845834 0.2441 0.308332 0.00199736
0 0.635479 0.322153 0.500717 0.644305 0.0019917
0 0.597533 0.457389 0.474666 0.841416 0.00199086
0 0.808459 0.327233 0.383083 0.322732 0.00197986
0 0.113233 0.837365 0.226466 0.325269 0.00197089
0 0.305064 0.873079 0.237877 0.253842 0.00196997
0 0.59726 0.378278 0.397494 0.664645 0.00196395
0 0.777596 0.366529 0.444808 0.733058 0.00196061
0 0.972699 0.637231 0.0546016 0.383345 0.00195255
0 0.269686 0.880371 0.172318 0.239258 0.00193929
0 0.0835263 0.905745 0.167053 0.188511 0.00192332
0 0.795818 0.837986 0.408364 0.324029 0.00190318
0 0.780983 0.552415 0.295636 0.413571 0.00190184
0 0.980287 0.573022 0.0394263 0.436597 0.00188793
0 0.688637 0.489946 0.371756 0.438536 0.00188571
0 0.358158 0.738495 0.439152 0.523011 0.0018848
0 0.305892 0.820109 0.337099 0.359782 0.00188308
0 0.484115 0.623656 0.550528 0.752688 0.00186923
0 0.521204 0.903164 0.322781 0.193672 0.00186819
0 0.414381 0.323809 0.534305 0.647618 0.00186701
0 0.656403 0.903836 0.29776 0.192327 0.00186178
0 0.219961 0.876784 0.164646 0.246433 0.00185849
0 0.172719 0.737307 0.345437 0.525386 0.00185572
0 0.798999 0.734269 0.402003 0.531462 0.00185284
0 0.702713 0.29205 0.488774 0.5841 0.00184914
0 0.400725 0.156784 0.354953 0.313568 0.00184045
0 0.419668 0.923378 0.28214 0.153244 0.00183567
0 0.498588 0.829044 0.492767 0.341911 0.00183106
0 0.773725 0.409259 0.224914 0.154498 0.00182793
0 0.958928 0.141104 0.0821443 0.282209 0.00182642
0 0.0482543 0.89797 0.0965086 0.20406 0.00182615
0 0.875851 0.385144 0.248298 0.282297 0.00182595
0 0.612458 0.83083 0.443481 0.338339 0.00182154
0 0.0727545 0.678243 0.145509 0.292643 0.00181854
0 0.884338 0.211955 0.231323 0.42391 0.00181403
0 0.969417 0.705539 0.061165 0.405349 0.00181327
0 0.0738759 0.736323 0.147752 0.305991 0.00181244
0 0.050798 0.923064 0.101596 0.153873 0.00180717
0 0.877838 0.339128 0.244324 0.504109 0.00180606
0 0.799871 0.300701 0.400258 0.526956 0.00180464
0 0.974424 0.206713 0.0511529 0.413425 0.0018033
0 0.146289 0.865751 0.18623 0.268498 0.00180047
0 0.720414 0.837653 0.432567 0.324694 0.00179868
0 0.847529 0.904992 0.300397 0.190015 0.00179761
0 0.0726854 0.621716 0.145371 0.266327 0.00179537
0 0.183814 0.872818 0.170256 0.254363 0.00179213
0 0.700198 0.41677 0.150726 0.189181 0.00179132
0 0.932703 0.376311 0.134594 0.370913 0.00178728
0 0.86021 0.580731 0.27958 0.642859 0.00178726
0 0.0360181 0.0839967 0.0720362 0.167993 0.00178357
0 0.976323 0.293983 0.047355 0.462583 0.00177743
0 0.790404 0.356082 0.318851 0.214487 0.00177724
0 0.867075 0.735221 0.265849 0.529558 0.00177559
0 0.547243 0.298902 0.495911 0.597805 0.00176988
0 0.455016 0.511859 0.547413 0.732283 0.00175951
0 0.617621 0.938034 0.244722 0.123932 0.0017559
0 0.344712 0.608191 0.489619 0.783618 0.00175101
0 0.487237 0.938184 0.248747 0.123632 0.0017492
0 0.940461 0.868738 0.119077 0.262524 0.00174919
0 0.955868 0.183524 0.0882638 0.367047 0.00174579
0 0.911426 0.127599 0.177149 0.255199 0.00174381
0 0.0968249 0.588698 0.19365 0.509328 0.00173632
0 0.0641113 0.0588473 0.128223 0.117695 0.00173333
0 0.16056 0.279212 0.32112 0.558424 0.001733
0 0.103432 0.507016 0.206864 0.546237 0.00173228
0 0.0800096 0.871326 0.160019 0.257348 0.00172923
0 0.0260399 0.374011 0.0520798 0.264602 0.00172854
0 0.187224 0.145406 0.325792 0.290812 0.00172637
0 0.129833 0.899316 0.193053 0.201369 0.0017237
0 0.888842 0.534496 0.222317 0.420058 0.00172169
0 0.881881 0.887186 0.236239 0.225628 0.00172008
0 0.0740279 0.829591 0.148056 0.316193 0.00171863
0 0.977652 0.45791 0.0446952 0.457084 0.0017113
0 0.967605 0.417236 0.0647899 0.369575 0.00170283
0 0.0750126 0.657049 0.150025 0.45571 0.00170133
0 0.780209 0.903915 0.302673 0.19217 0.00169957
0 0.346229 0.925575 0.213931 0.148851 0.00169206
0 0.286564 0.911545 0.192017 0.17691 0.00169002
0 0.944129 0.157635 0.111743 0.315269 0.00168915
0 0.512791 0.708492 0.514294 0.583017 0.00168907
0 0.971708 0.34715 0.056585 0.454385 0.00168507
0 0.029274 0.544581 0.0585479 0.25545 0.001679
0 0.315813 0.91889 0.203849 0.162221 0.00167897
0 0.365972 0.287257 0.483527 0.574514 0.00167702
0 0.82603 0.437604 0.347941 0.218527 0.00167536
0 0.239048 0.696489 0.422056 0.607022 0.00167413
0 0.0745971 0.563509 0.149194 0.266379 0.00166731
0 0.0719334 0.928004 0.143867 0.143991 0.00166208
0 0.202115 0.746452 0.388809 0.507097 0.00165655
0 0.0317102 0.599885 0.0634204 0.26403 0.00165581
0 0.23068 0.905458 0.180018 0.189084 0.00165576
0 0.814695 0.60432 0.363056 0.557899 0.00165016
0 0.833148 0.367103 0.333704 0.734207 0.00164808
0 0.504007 0.428114 0.53499 0.856228 0.00164776
0 0.0725779 0.499818 0.145156 0.270934 0.00164659
0 0.967404 0.167444 0.0651915 0.334887 0.00163778
0 0.678709 0.541685 0.460377 0.830094 0.00163007
0 0.163212 0.0488423 0.239654 0.0976847 0.00162932
0 0.710782 0.892528 0.311691 0.214944 0.00162793
0 0.464005 0.356146 0.548407 0.712292 0.00162605
0 0.548013 0.93744 0.25086 0.12512 0.00162531
0 0.346771 0.119972 0.330615 0.239943 0.001623
0 0.197227 0.903937 0.181038 0.192126 0.00161261
0 0.14666 0.142795 0.29332 0.285589 0.00161128
0 0.841844 0.330485 0.316311 0.287443 0.0016075
0 0.818375 0.559299 0.363251 0.720573 0.00160372
0 0.101588 0.924892 0.203176 0.150216 0.00160082
0 0.0245869 0.431386 0.0491739 0.258393 0.00159786
0 0.907791 0.877344 0.184418 0.245312 0.00159227
0 0.176002 0.406743 0.352005 0.813487 0.00158992
0 0.0268863 0.487111 0.0537726 0.25551 0.00158678
0 0.562331 0.592678 0.52 0.772112 0.00158037
0 0.108724 0.0492182 0.217449 0.0984365 0.0015751
0 0.746656 0.390361 0.153072 0.119239 0.00156918
0 0.818857 0.0524624 0.244827 0.104925 0.00156764
0 0.0445477 0.824938 0.0890954 0.311714 0.00156761
0 0.0330854 0.656091 0.0661708 0.272422 0.00156306
0 0.290667 0.479308 0.462893 0.886302 0.00156304
0 0.0659002 0.441053 0.1318 0.263509 0.00156293
0 0.0416454 0.769555 0.0832908 0.293998 0.0015603
0 0.831006 0.489082 0.337987 0.32442 0.00155837
0 0.0321357 0.317355 0.0642715 0.264995 0.0015576
0 0.161418 0.714301 0.322836 0.571399 0.00155323
0 0.21927 0.927593 0.214927 0.144814 0.00154873
0 0.696646 0.37469 0.139636 0.173504 0.00154605
0 0.304588 0.364846 0.501383 0.729691 0.00154571
0 0.154121 0.927564 0.218663 0.144873 0.00154503
0 0.63304 0.0537359 0.23986 0.107472 0.00152251
0 0.0365455 0.712488 0.0730911 0.27723 0.00151521
0 0.207991 0.367997 0.415981 0.735995 0.00151152
0 0.63934 0.270084 0.380752 0.43305 0.00150555
0 0.207345 0.459128 0.41469 0.85645 0.00150171
0 0.0368456 0.267047 0.0736912 0.245367 0.00149458
0 0.538525 0.0524336 0.238366 0.104867 0.00149066
0 0.030329 0.148707 0.060658 0.270572 0.0014894
0 0.475183 0.0522394 0.238573 0.104479 0.00148771
0 0.161425 0.719402 0.306175 0.427605 0.00148696
0 0.675738 0.938476 0.248706 0.123049 0.00148212
0 0.0808835 0.142074 0.161767 0.284147 0.00147553
0 0.28006 0.92902 0.220829 0.14196 0.00147458
0 0.328303 0.626272 0.437801 0.666422 0.00147254
0 0.0328067 0.217927 0.0656133 0.244744 0.00146901
0 0.351144 0.0530272 0.240178 0.106054 0.00146749
0 0.920532 0.930249 0.158936 0.139502 0.00146144
0 0.0742165 0.228534 0.148433 0.298912 0.00146056
0 0.227278 0.0495265 0.232732 0.099053 0.0014572
0 0.0430219 0.866975 0.0860438 0.26605 0.00145503
0 0.232348 0.113221 0.290401 0.226442 0.00145115
0 0.693785 0.0534382 0.243268 0.106876 0.00144817
0 0.838759 0.614345 0.322482 0.771311 0.00144635
0 0.0762284 0.448819 0.152457 0.460118 0.00144575
0 0.135711 0.228206 0.271422 0.456412 0.00144057
0 0.885226 0.940312 0.229549 0.119376 0.00142986
0 0.127488 0.30006 0.254977 0.560874 0.00142773
0 0.411581 0.0527504 0.242668 0.105501 0.00142015
0 0.199875 0.691799 0.272587 0.340599 0.00141967
0 0.200878 0.55661 0.401756 0.584589 0.00141311
0 0.76571 0.604778 0.427722 0.7679 0.00140955
0 0.0690589 0.278347 0.138118 0.232598 0.00140801
0 0.309507 0.23209 0.459967 0.464179 0.00140667
0 0.756738 0.0526387 0.241488 0.105277 0.00140286
0 0.258428 0.566124 0.446796 0.695422 0.00140213
0 0.187589 0.556671 0.215972 0.119106 0.0013992
0 0.173236 0.364867 0.346472 0.668326 0.00139912
0 0.565437 0.1235 0.330677 0.246999 0.00139736
0 0.314658 0.713004 0.382627 0.459983 0.00139664
0 0.369274 0.937271 0.231192 0.125459 0.00139485
0 0.175249 0.565302 0.350498 0.754678 0.00137871
0 0.252864 0.694505 0.308519 0.341167 0.0013755
0 0.838249 0.131294 0.323502 0.262589 0.00137317
0 0.165045 0.576234 0.282711 0.23644 0.00137291
0 0.225919 0.557468 0.23177 0.107861 0.00136621
0 0.0531698 0.289988 0.10634 0.272709 0.00136325
0 0.832671 0.940416 0.24777 0.119169 0.0013601
0 0.626216 0.110624 0.325441 0.221249 0.00135997
0 0.283166 0.559484 0.321063 0.124322 0.00135852
0 0.312223 0.566596 0.383494 0.250798 0.00135716
0 0.50005 0.130149 0.324355 0.260297 0.0013471
0 0.256281 0.232866 0.440055 0.465732 0.00134024
0 0.368895 0.0658055 0.308254 0.131611 0.00131481
0 0.0696265 0.37744 0.139253 0.261208 0.00130852
0 0.295333 0.0525135 0.226985 0.105027 0.00130294
0 0.682994 0.0934771 0.319454 0.186954 0.00129661
0 0.223621 0.211365 0.346437 0.262462 0.00126903
0 0.767312 0.939361 0.255272 0.121278 0.00125708
0 0.747812 0.0959637 0.32294 0.191927 0.0012413
0 0.437567 0.11674 0.322675 0.233481 0.00122397
0 0.270419 0.0826889 0.297117 0.165378 0.00122297
0 0.404332 0.0909569 0.319297 0.181914 0.00122111
0 0.134962 0.280839 0.269924 0.300389 0.00121657
0 0.188706 0.283227 0.342472 0.291053 0.0012101
0 0.174532 0.537293 0.0729304 0.0857198 0.00119136
0 0.173216 0.236857 0.315104 0.226844 0.00117743
0 0.111356 0.354526 0.222713 0.424062 0.00117401
0 0.133771 0.272912 0.267543 0.218882 0.00115001
0 0.0591097 0.39381 0.118219 0.370752 0.00109586
0 0.174105 0.555529 0.0345575 0.0652216 0.00102062
