0 0.224006 0.711898 0.448012 0.576203 0.00306868
0 0.411077 0.679814 0.480917 0.640372 0.00301975
0 0.162121 0.378012 0.0177873 0.0230042 0.00280957
0 0.261254 0.252948 0.431203 0.505895 0.00271744
0 0.202518 0.229518 0.405036 0.459035 0.00268014
0 0.279725 0.670277 0.516784 0.659446 0.00267947
0 0.332997 0.266038 0.428613 0.532076 0.002577
0 0.700429 0.0925463 0.378751 0.185093 0.00250926
0 0.0394713 0.0593877 0.0789426 0.118775 0.00250008
0 0.783757 0.426461 0.432486 0.852922 0.00248281
0 0.930447 0.794194 0.139105 0.411611 0.00248164
0 0.201923 0.75548 0.403846 0.48904 0.00245512
0 0.524788 0.609439 0.133855 0.377306 0.00241189
0 0.967085 0.774245 0.06583 0.43109 0.00240772
0 0.370396 0.428372 0.517633 0.856744 0.00240266
0 0.488811 0.276943 0.409659 0.553887 0.00238567
0 0.502542 0.695131 0.425071 0.609738 0.00238549
0 0.937161 0.659935 0.125678 0.473854 0.00232972
0 0.636023 0.0893312 0.369291 0.178662 0.00231065
0 0.760839 0.0848336 0.353118 0.169667 0.00230734
0 0.173551 0.727309 0.347103 0.545381 0.00228016
0 0.136767 0.793156 0.273535 0.413688 0.00227924
0 0.539409 0.631334 0.249966 0.569481 0.00226131
0 0.857643 0.783969 0.284714 0.432061 0.00222229
0 0.913248 0.0542229 0.173504 0.108446 0.00222206
0 0.387873 0.634351 0.519819 0.731299 0.00220389
0 0.635558 0.332069 0.514646 0.664138 0.0021918
0 0.607694 0.700985 0.438191 0.598031 0.00218676
0 0.937506 0.065124 0.124988 0.130248 0.00218232
0 0.974199 0.635765 0.0516014 0.377443 0.0021753
0 0.130019 0.852103 0.260037 0.295794 0.00215483
0 0.973508 0.70092 0.0529846 0.392916 0.00213614
0 0.572762 0.859684 0.3823 0.280632 0.00212212
0 0.800566 0.794582 0.386283 0.410837 0.00211701
0 0.602779 0.698762 0.275131 0.545935 0.00210501
0 0.528292 0.556631 0.405487 0.733915 0.00209001
0 0.640297 0.870603 0.29869 0.258794 0.00207771
0 0.569804 0.65004 0.147998 0.358202 0.00207608
0 0.886935 0.871062 0.216974 0.257876 0.00206293
0 0.544396 0.194131 0.380364 0.388262 0.00205888
0 0.783685 0.89278 0.166883 0.214441 0.00205869
0 0.874372 0.842141 0.251257 0.315718 0.00205556
0 0.705065 0.886617 0.21024 0.226765 0.00204971
0 0.844306 0.884615 0.178827 0.230771 0.00204331
0 0.940319 0.913094 0.119361 0.173813 0.00203884
0 0.879694 0.405647 0.240612 0.520325 0.00203791
0 0.217054 0.830494 0.434109 0.339013 0.00203685
0 0.917492 0.84177 0.165017 0.31646 0.00202795
0 0.749823 0.893829 0.171059 0.212343 0.00202731
0 0.813413 0.890443 0.165508 0.219113 0.0020254
0 0.487285 0.486265 0.471266 0.795454 0.00202354
0 0.434867 0.535714 0.335657 0.587615 0.00202148
0 0.783268 0.293738 0.433464 0.587475 0.00201295
0 0.815567 0.448651 0.368866 0.856923 0.00201189
0 0.569747 0.119033 0.363776 0.238067 0.00200483
0 0.14391 0.840915 0.28782 0.318171 0.00199732
0 0.636826 0.184593 0.489881 0.369186 0.00199184
0 0.449978 0.590896 0.428435 0.695876 0.00199155
0 0.316376 0.406224 0.0143075 0.0190573 0.00198984
0 0.088032 0.925718 0.176064 0.148564 0.00198622
0 0.854606 0.853098 0.268028 0.293804 0.00198501
0 0.72786 0.775749 0.415521 0.448502 0.00198257
0 0.936809 0.584849 0.126383 0.361775 0.00197537
0 0.780339 0.852064 0.270586 0.295873 0.00196971
0 0.863202 0.123999 0.273597 0.247998 0.00196016
0 0.099438 0.891598 0.198876 0.216805 0.00195032
0 0.441768 0.846224 0.363473 0.307551 0.00194628
0 0.579476 0.384463 0.536394 0.768926 0.00194459
0 0.0862566 0.845374 0.172513 0.309253 0.00192889
0 0.625241 0.928683 0.215779 0.142635 0.00191691
0 0.585774 0.2231 0.575745 0.446199 0.00191276
0 0.728451 0.925114 0.184667 0.149771 0.0019096
0 0.951361 0.21609 0.0972772 0.43218 0.00190172
0 0.958029 0.403328 0.0839421 0.438954 0.00189656
0 0.759537 0.919081 0.183424 0.161838 0.00189317
0 0.405084 0.515376 0.50771 0.87179 0.00188996
0 0.709862 0.821805 0.381808 0.356389 0.00188479
0 0.499577 0.864534 0.387276 0.270932 0.00187772
0 0.838522 0.0962237 0.322955 0.192447 0.00187706
0 0.694236 0.929404 0.192138 0.141193 0.00187512
0 0.721418 0.361297 0.494437 0.648004 0.00187075
0 0.730092 0.185079 0.480707 0.370158 0.00186759
0 0.945651 0.35855 0.108698 0.486945 0.00186677
0 0.928398 0.48777 0.143205 0.38666 0.00186035
0 0.063731 0.0608537 0.127462 0.121707 0.00185608
0 0.453275 0.88455 0.324699 0.2309 0.00184621
0 0.648324 0.457168 0.455869 0.677647 0.00183358
0 0.648683 0.761347 0.439458 0.477305 0.00182997
0 0.161226 0.384005 0.0173908 0.0332306 0.00182144
0 0.939796 0.134798 0.120408 0.269595 0.00181888
0 0.881343 0.704093 0.237315 0.544572 0.00181823
0 0.328826 0.6026 0.503158 0.7948 0.00181666
0 0.119687 0.92487 0.239374 0.150259 0.00180664
0 0.0330916 0.117266 0.0661833 0.234533 0.00179645
0 0.276231 0.831346 0.493546 0.337308 0.00178731
0 0.409583 0.327057 0.460638 0.654113 0.00178418
0 0.0476804 0.909593 0.0953608 0.180815 0.00178412
0 0.876998 0.613612 0.246003 0.43692 0.00178195
0 0.917492 0.892801 0.165015 0.214398 0.00177904
0 0.79339 0.539487 0.41322 0.893925 0.0017789
0 0.216847 0.916754 0.299371 0.166491 0.00175271
0 0.73704 0.289304 0.519039 0.578608 0.00175225
0 0.968564 0.532192 0.0628718 0.346131 0.00174789
0 0.875904 0.0527103 0.248191 0.105421 0.00174418
0 0.862637 0.682875 0.274727 0.63425 0.00174249
0 0.884615 0.909021 0.208833 0.181958 0.00174008
0 0.542254 0.918663 0.259767 0.162674 0.00173847
0 0.308047 0.902217 0.317808 0.195567 0.00173793
0 0.978439 0.573613 0.0431225 0.451941 0.0017361
0 0.906224 0.12536 0.187552 0.25072 0.0017234
0 0.613288 0.662862 0.182844 0.379715 0.00172232
0 0.592009 0.936625 0.223422 0.12675 0.00172064
0 0.351884 0.729708 0.516787 0.540584 0.00171838
0 0.724178 0.0400238 0.238937 0.0800477 0.00171193
0 0.652181 0.937555 0.221953 0.12489 0.00171106
0 0.357708 0.34934 0.494144 0.69868 0.00171098
0 0.962159 0.468724 0.0756823 0.363498 0.00171096
0 0.396665 0.880813 0.336764 0.238373 0.00170346
0 0.0990854 0.400032 0.198171 0.574372 0.00170187
0 0.0719867 0.392376 0.143973 0.290976 0.00170035
0 0.0284942 0.143228 0.0569883 0.286456 0.00169859
0 0.075092 0.4524 0.150184 0.299059 0.00169822
0 0.943795 0.867423 0.11241 0.265153 0.00168534
0 0.672581 0.713427 0.414976 0.573147 0.00167791
0 0.671122 0.72645 0.317458 0.546981 0.00167062
0 0.0257597 0.595308 0.0515193 0.264348 0.00166297
0 0.025712 0.485197 0.051424 0.265263 0.00165513
0 0.779424 0.930822 0.21869 0.138355 0.00165504
0 0.177219 0.925718 0.260093 0.148563 0.00165462
0 0.0266952 0.768882 0.0533904 0.269617 0.00165416
0 0.0255405 0.539382 0.0510811 0.26594 0.00165257
0 0.920403 0.362912 0.159195 0.404956 0.00165143
0 0.0248365 0.194385 0.0496729 0.292777 0.00164395
0 0.0834785 0.672912 0.166957 0.288911 0.00164296
0 0.0833845 0.72535 0.166769 0.279583 0.0016414
0 0.0302253 0.830914 0.0604506 0.288723 0.00164088
0 0.555463 0.747478 0.449241 0.505043 0.00164079
0 0.858525 0.207992 0.282949 0.415984 0.00163313
0 0.66111 0.0451028 0.24092 0.0902056 0.00163191
0 0.179525 0.303728 0.35905 0.607456 0.00163095
0 0.0747319 0.506274 0.149464 0.284617 0.00162841
0 0.0256742 0.653117 0.0513484 0.25746 0.00162798
0 0.118178 0.723318 0.236357 0.499378 0.0016276
0 0.082315 0.793565 0.16463 0.304333 0.00162668
0 0.02482 0.317803 0.0496401 0.26707 0.001621
0 0.822309 0.0511991 0.236052 0.102398 0.00161718
0 0.279719 0.458413 0.490593 0.906606 0.00161715
0 0.0264244 0.430892 0.0528488 0.267994 0.0016146
0 0.319139 0.0456837 0.23491 0.0913675 0.00161444
0 0.315935 0.150675 0.33051 0.30135 0.00161431
0 0.830052 0.546904 0.339896 0.599235 0.00161047
0 0.827807 0.720199 0.344387 0.559601 0.00160994
0 0.480091 0.935733 0.257608 0.128534 0.00160524
0 0.971874 0.51122 0.0562515 0.465951 0.00160124
0 0.0244093 0.257736 0.0488186 0.280805 0.00159762
0 0.530099 0.282225 0.523332 0.56445 0.0015954
0 0.0263041 0.373636 0.0526081 0.267177 0.00159413
0 0.096263 0.50359 0.192526 0.540908 0.00159084
0 0.0782097 0.614646 0.156419 0.299933 0.00158776
0 0.0737126 0.557025 0.147425 0.281527 0.00158741
0 0.566251 0.0490666 0.244631 0.0981332 0.00158736
0 0.161247 0.367909 0.015362 0.0204259 0.00157363
0 0.592266 0.639381 0.334639 0.568678 0.00156674
0 0.0244193 0.709 0.0488387 0.257935 0.00155536
0 0.904987 0.287387 0.190025 0.271989 0.00155287
0 0.365155 0.828294 0.483595 0.343411 0.00155276
0 0.109046 0.0502966 0.218093 0.100593 0.00155158
0 0.230789 0.317544 0.461579 0.635087 0.00154938
0 0.944582 0.286503 0.110836 0.308395 0.00154808
0 0.374002 0.123645 0.315719 0.247291 0.0015472
0 0.414462 0.0415568 0.233002 0.0831136 0.00154349
0 0.92662 0.922266 0.146761 0.155469 0.00154343
0 0.069801 0.326718 0.139602 0.295366 0.00154271
0 0.598151 0.535577 0.446054 0.746649 0.00154092
0 0.118454 0.610548 0.236908 0.581193 0.0015312
0 0.653226 0.661806 0.219573 0.375775 0.00152922
0 0.807703 0.24476 0.384593 0.337171 0.00152294
0 0.21017 0.939368 0.240218 0.121263 0.00151962
0 0.362499 0.938793 0.249829 0.122413 0.00150983
0 0.84236 0.929087 0.221552 0.141827 0.00150968
0 0.824247 0.63241 0.351507 0.386353 0.00150524
0 0.480185 0.372846 0.513439 0.745692 0.0015012
0 0.895037 0.930623 0.209926 0.138754 0.00149919
0 0.730896 0.480502 0.463397 0.705399 0.00149869
0 0.256102 0.0445017 0.234867 0.0890035 0.0014971
0 0.10625 0.267965 0.2125 0.535929 0.00149557
0 0.663051 0.570208 0.415211 0.641917 0.00149142
0 0.211065 0.668851 0.422129 0.662299 0.00148629
0 0.825928 0.751307 0.348143 0.497386 0.00147974
0 0.228727 0.555789 0.457453 0.888421 0.00147862
0 0.162087 0.047 0.236393 0.0940001 0.00147285
0 0.726108 0.728439 0.344811 0.543123 0.00146757
0 0.139539 0.128912 0.279077 0.257823 0.00146655
0 0.693976 0.669699 0.272864 0.410546 0.00146527
0 0.424062 0.938244 0.254296 0.123512 0.00146347
0 0.510178 0.0462636 0.230669 0.0925271 0.00146299
0 0.80582 0.208792 0.388359 0.417583 0.00146011
0 0.296181 0.938563 0.252803 0.122874 0.00143571
0 0.257769 0.144586 0.338962 0.289172 0.00143567
0 0.317513 0.418628 0.0141304 0.0214478 0.00143351
0 0.0342387 0.879593 0.0684775 0.240813 0.00142877
0 0.775479 0.764951 0.346119 0.470098 0.00142699
0 0.440542 0.107384 0.320727 0.214768 0.0014224
0 0.284446 0.378965 0.493585 0.75793 0.00141101
0 0.189682 0.132995 0.329084 0.265989 0.00140635
0 0.150232 0.938172 0.236207 0.123655 0.00139501
0 0.676699 0.636675 0.357578 0.593827 0.00139184
0 0.746181 0.66032 0.419443 0.67936 0.00138576
0 0.16197 0.392725 0.32394 0.785449 0.00138558
0 0.11377 0.195116 0.22754 0.390232 0.0013829
0 0.178796 0.560675 0.357593 0.87865 0.00138153
0 0.0629342 0.254777 0.125868 0.309458 0.00136376
0 0.163111 0.646873 0.326221 0.706255 0.00136141
0 0.686291 0.0624872 0.321645 0.124974 0.00135762
0 0.0606316 0.179085 0.121263 0.343175 0.00134417
0 0.777086 0.67129 0.382785 0.517192 0.00134021
0 0.068065 0.143839 0.13613 0.287679 0.00132315
0 0.749458 0.0630068 0.315359 0.126014 0.00128968
0 0.21147 0.435468 0.42294 0.850054 0.00128582
0 0.622758 0.0597541 0.31748 0.119508 0.00123799
0 0.838588 0.232408 0.322823 0.464817 0.001222
0 0.316058 0.39621 0.0154195 0.0199184 0.00121558
0 0.504477 0.0844674 0.316928 0.168935 0.0011847
0 0.561916 0.0608049 0.31419 0.12161 0.00117239
0 0.844475 0.0649019 0.311051 0.129804 0.00114103
0 0.312214 0.405367 0.0134232 0.0213813 0.00101971
