0 0.485625 0.619111 0.01675 0.0324444 1
0 0.436375 0.305556 0.00575 0.0195556 1
0 0.280278 0.280426 0.459342 0.560851 0.0032461
0 0.471307 0.659395 0.522269 0.681211 0.00303234
0 0.629864 0.697683 0.463366 0.604634 0.00301514
0 0.683548 0.193482 0.414334 0.386963 0.0029357
0 0.219828 0.242342 0.439656 0.484683 0.00293256
0 0.796202 0.167532 0.407596 0.335065 0.00286105
0 0.66249 0.288582 0.507297 0.577163 0.00279308
0 0.375149 0.258752 0.456057 0.517504 0.00276164
0 0.91627 0.79421 0.16746 0.41158 0.00272746
0 0.621563 0.390643 0.491194 0.781287 0.00271968
0 0.832805 0.745202 0.334391 0.509595 0.00265706
0 0.854143 0.791365 0.291714 0.41727 0.00264576
0 0.56725 0.27062 0.425632 0.54124 0.00264237
0 0.464729 0.235447 0.423045 0.470893 0.00258976
0 0.81481 0.409443 0.370381 0.702688 0.00255077
0 0.628938 0.330043 0.534126 0.660086 0.0025079
0 0.0388329 0.054361 0.0776658 0.108722 0.0024871
0 0.909262 0.369603 0.181476 0.559915 0.00246887
0 0.968368 0.776628 0.0632645 0.430417 0.00242627
0 0.468353 0.825206 0.502205 0.349587 0.00240009
0 0.398605 0.705029 0.429322 0.589942 0.00237747
0 0.795059 0.315527 0.409883 0.631053 0.002354
0 0.92954 0.324252 0.14092 0.572793 0.00235066
0 0.183318 0.171215 0.366637 0.342431 0.00233196
0 0.338264 0.78728 0.345458 0.425439 0.00228462
0 0.270845 0.805857 0.241577 0.388286 0.00228171
0 0.802897 0.12976 0.394205 0.25952 0.00227997
0 0.931206 0.698999 0.137588 0.586529 0.00223618
0 0.795321 0.722588 0.409358 0.554824 0.00221592
0 0.355117 0.852399 0.43091 0.295202 0.00221449
0 0.932155 0.257963 0.13569 0.515926 0.00221072
0 0.230203 0.809648 0.202659 0.380703 0.00220112
0 0.876941 0.413575 0.246117 0.495188 0.00220049
0 0.865083 0.814734 0.269834 0.370532 0.00219285
0 0.80003 0.514431 0.399939 0.754618 0.00218057
0 0.947764 0.782178 0.104472 0.435644 0.00213127
0 0.836768 0.527082 0.326463 0.570567 0.00212373
0 0.491535 0.900888 0.322863 0.198224 0.00211543
0 0.217625 0.7812 0.271671 0.437599 0.00210611
0 0.972952 0.358999 0.0540956 0.420875 0.0021047
0 0.939686 0.921206 0.120627 0.157588 0.00208733
0 0.789462 0.244653 0.421076 0.489307 0.00208329
0 0.173176 0.805744 0.190444 0.388512 0.00207859
0 0.843172 0.36325 0.313657 0.7265 0.00207246
0 0.0741306 0.708145 0.148261 0.515207 0.00207166
0 0.728962 0.291018 0.48888 0.582037 0.00206152
0 0.653897 0.347832 0.299686 0.338379 0.002047
0 0.120847 0.780312 0.241695 0.439376 0.00204392
0 0.260848 0.770074 0.320542 0.459853 0.00204389
0 0.741461 0.709564 0.453073 0.580873 0.00203799
0 0.689807 0.662105 0.458513 0.67579 0.00203318
0 0.374476 0.791276 0.378282 0.417448 0.00199522
0 0.115345 0.798924 0.199366 0.402152 0.00199444
0 0.819698 0.239717 0.360605 0.479434 0.00198282
0 0.588992 0.306232 0.501689 0.612465 0.00198102
0 0.494982 0.540757 0.53816 0.785105 0.00197366
0 0.328409 0.86051 0.271657 0.278979 0.00196424
0 0.839245 0.632827 0.32151 0.734346 0.00195821
0 0.0831536 0.903513 0.166307 0.192973 0.0019413
0 0.937186 0.07169 0.125629 0.14338 0.00193776
0 0.894761 0.0608827 0.210478 0.121765 0.00193534
0 0.540133 0.377804 0.509777 0.755607 0.00192609
0 0.591131 0.899949 0.324614 0.200101 0.00192178
0 0.0994017 0.891385 0.198803 0.217229 0.00192129
0 0.972975 0.629108 0.0540491 0.392112 0.0019167
0 0.265998 0.829226 0.202363 0.341548 0.0019157
0 0.55948 0.834315 0.487917 0.331371 0.0019138
0 0.156286 0.737184 0.312572 0.525632 0.0019121
0 0.971719 0.225646 0.0565623 0.407255 0.00189959
0 0.0676331 0.792562 0.135266 0.414875 0.00189907
0 0.0719656 0.919064 0.143931 0.161871 0.00189564
0 0.451969 0.921904 0.274929 0.156192 0.00189562
0 0.788673 0.474785 0.344242 0.447936 0.00189385
0 0.20532 0.738262 0.351859 0.523475 0.00188958
0 0.650242 0.240192 0.412651 0.480384 0.00188494
0 0.419792 0.709201 0.495458 0.581598 0.00187458
0 0.0985958 0.840631 0.197192 0.318738 0.00186864
0 0.45462 0.413761 0.494312 0.827522 0.00186097
0 0.54216 0.700041 0.511705 0.599919 0.00186071
0 0.611393 0.638392 0.486399 0.723217 0.00185323
0 0.68485 0.362431 0.437887 0.582778 0.00185197
0 0.0481314 0.897372 0.0962629 0.205256 0.00185072
0 0.766822 0.549178 0.466356 0.901644 0.00183997
0 0.899883 0.903547 0.200234 0.192907 0.0018356
0 0.315542 0.135974 0.355679 0.271947 0.00182722
0 0.860682 0.917621 0.269583 0.164757 0.00182683
0 0.644853 0.488201 0.476869 0.895295 0.00182368
0 0.0716772 0.682284 0.143354 0.295398 0.0018236
0 0.980955 0.288308 0.0380903 0.450778 0.001822
0 0.0506734 0.922733 0.101347 0.154533 0.00181691
0 0.655356 0.889727 0.30029 0.220546 0.00181681
0 0.173004 0.561546 0.346007 0.861511 0.00181567
0 0.920082 0.532099 0.159836 0.466356 0.00181539
0 0.107839 0.403252 0.215678 0.477208 0.00181096
0 0.890456 0.935834 0.219089 0.128332 0.00180141
0 0.979121 0.228143 0.0417574 0.456286 0.00179894
0 0.383973 0.572959 0.524684 0.854083 0.00179729
0 0.0725012 0.73428 0.145002 0.299332 0.00179399
0 0.979563 0.688551 0.0408734 0.453938 0.00179336
0 0.0309857 0.112364 0.0619713 0.224728 0.00179018
0 0.888138 0.129696 0.223724 0.259393 0.00178919
0 0.819352 0.690698 0.361297 0.618605 0.00178863
0 0.13321 0.895039 0.192925 0.209922 0.00178816
0 0.0697507 0.618467 0.139501 0.279092 0.00178126
0 0.845334 0.353896 0.309332 0.253686 0.00177816
0 0.386681 0.167635 0.445908 0.33527 0.0017757
0 0.215297 0.327451 0.430594 0.654901 0.00177347
0 0.0626734 0.0552219 0.125347 0.110444 0.00177316
0 0.895046 0.834751 0.209909 0.330499 0.00177248
0 0.791761 0.910998 0.269122 0.178005 0.00176521
0 0.184214 0.661453 0.368429 0.677094 0.00176453
0 0.254716 0.113478 0.34893 0.226957 0.00176451
0 0.766231 0.384836 0.151662 0.167204 0.00176006
0 0.317907 0.319372 0.485822 0.638745 0.00173971
0 0.679391 0.275021 0.269268 0.240836 0.00173065
0 0.273184 0.696304 0.402926 0.607393 0.00172824
0 0.790689 0.285467 0.294448 0.235338 0.00172789
0 0.49525 0.327155 0.466471 0.654309 0.00172789
0 0.0676738 0.277104 0.135348 0.27568 0.00172663
0 0.518173 0.93845 0.248317 0.123099 0.00172187
0 0.67818 0.785676 0.445912 0.428649 0.00171134
0 0.55634 0.475841 0.473149 0.851098 0.0017097
0 0.404297 0.461424 0.496434 0.83681 0.00170866
0 0.0258977 0.142224 0.0517953 0.275765 0.00170161
0 0.948768 0.153889 0.102463 0.307777 0.00169983
0 0.147495 0.3221 0.294991 0.611098 0.00169975
0 0.0806598 0.864976 0.16132 0.270047 0.00169771
0 0.318962 0.0437907 0.234745 0.0875815 0.00169715
0 0.396326 0.92848 0.240388 0.143039 0.00169624
0 0.1936 0.895123 0.196535 0.209754 0.0016954
0 0.0726926 0.344377 0.145385 0.271671 0.00169318
0 0.647977 0.938887 0.248213 0.122226 0.00169183
0 0.0654648 0.575209 0.13093 0.408147 0.00168676
0 0.854519 0.0551866 0.246451 0.110373 0.00168449
0 0.830281 0.84534 0.339439 0.309321 0.00168363
0 0.0944546 0.789915 0.188909 0.420171 0.00168211
0 0.56304 0.599216 0.516836 0.781731 0.00166591
0 0.157691 0.842953 0.197744 0.314093 0.00166277
0 0.0258656 0.487515 0.0517312 0.261852 0.00165914
0 0.942532 0.873304 0.114935 0.253393 0.00165809
0 0.216809 0.844085 0.19462 0.311829 0.00165245
0 0.459591 0.639545 0.0131278 0.0227275 0.00164795
0 0.0256907 0.5456 0.0513814 0.257802 0.00164625
0 0.25413 0.897231 0.195715 0.205537 0.00164155
0 0.651613 0.840029 0.417686 0.319941 0.00163898
0 0.329991 0.623936 0.456787 0.752127 0.00163861
0 0.129049 0.0527872 0.24331 0.105574 0.00163618
0 0.429748 0.348563 0.451278 0.685192 0.00163584
0 0.0629684 0.559526 0.125937 0.254599 0.0016334
0 0.256389 0.0447725 0.233183 0.0895451 0.0016325
0 0.222401 0.63285 0.394427 0.661566 0.00162669
0 0.834329 0.936123 0.242741 0.127755 0.00162457
0 0.579181 0.938567 0.254435 0.122867 0.00162343
0 0.346083 0.920167 0.213187 0.159667 0.00162329
0 0.967005 0.468257 0.0659906 0.415324 0.00161564
0 0.101367 0.923846 0.202733 0.152308 0.00161479
0 0.382528 0.0418446 0.23392 0.0836892 0.00161021
0 0.192315 0.0484367 0.237633 0.0968735 0.00160796
0 0.187365 0.102891 0.335801 0.205783 0.00159954
0 0.314872 0.909927 0.202914 0.180146 0.0015936
0 0.975043 0.560316 0.0499142 0.466458 0.00159067
0 0.476786 0.145482 0.332931 0.290964 0.00158863
0 0.0449769 0.824261 0.0899538 0.314951 0.00158678
0 0.0236676 0.205322 0.0473351 0.255723 0.00158645
0 0.0569888 0.191447 0.113978 0.28957 0.00158326
0 0.377466 0.142987 0.347198 0.285974 0.0015814
0 0.764827 0.644111 0.435192 0.711778 0.00157829
0 0.0373414 0.0838491 0.0746828 0.167698 0.0015724
0 0.761987 0.855787 0.402854 0.288427 0.00157064
0 0.191078 0.45127 0.382155 0.76037 0.00156971
0 0.0423465 0.768651 0.0846931 0.301318 0.00156956
0 0.836418 0.415008 0.281895 0.228247 0.00156195
0 0.53847 0.148962 0.327897 0.297924 0.00156169
0 0.0280668 0.601411 0.0561336 0.26273 0.00156022
0 0.47523 0.0456401 0.23911 0.0912801 0.0015589
0 0.23025 0.469097 0.460499 0.618874 0.00155814
0 0.787316 0.0525328 0.244051 0.105066 0.00155473
0 0.0302753 0.431075 0.0605506 0.255278 0.00155365
0 0.252598 0.437829 0.485102 0.807345 0.00154826
0 0.171521 0.480523 0.343042 0.59138 0.00154323
0 0.0340023 0.376194 0.0680046 0.236954 0.00154301
0 0.717582 0.894058 0.295839 0.211883 0.0015356
0 0.461448 0.939036 0.239986 0.121928 0.00153489
0 0.744667 0.338624 0.115115 0.156358 0.00153407
0 0.0332936 0.658037 0.0665873 0.27126 0.00152771
0 0.316107 0.437418 0.490198 0.874837 0.00152086
0 0.401338 0.334809 0.428669 0.514269 0.00152025
0 0.314428 0.672062 0.385973 0.537596 0.00151125
0 0.53929 0.0483523 0.237471 0.0967046 0.00150785
0 0.0379611 0.712144 0.0759221 0.282671 0.00150639
0 0.154663 0.926197 0.218968 0.147606 0.00150495
0 0.365211 0.494087 0.44735 0.680153 0.00150283
0 0.211158 0.267751 0.422315 0.364281 0.00150157
0 0.788208 0.338663 0.182102 0.145983 0.00149244
0 0.0257501 0.267387 0.0515002 0.256957 0.00149055
0 0.208925 0.427659 0.417849 0.36633 0.00148209
0 0.357302 0.368932 0.456463 0.701387 0.00147671
0 0.216744 0.926387 0.218876 0.147225 0.00147378
0 0.0304424 0.327373 0.0608849 0.244359 0.00147115
0 0.365114 0.508177 0.354956 0.275054 0.00147029
0 0.695364 0.0533915 0.241138 0.106783 0.00146314
0 0.370044 0.230145 0.403116 0.244069 0.00146241
0 0.771908 0.937181 0.240799 0.125638 0.00145724
0 0.182114 0.378603 0.352552 0.179716 0.00145711
0 0.0669577 0.378214 0.133915 0.204942 0.00144398
0 0.661834 0.603268 0.448331 0.793464 0.00143876
0 0.301673 0.238616 0.428971 0.409028 0.00143651
0 0.601795 0.051356 0.239927 0.102712 0.00141547
0 0.0517047 0.364798 0.103409 0.185613 0.00141087
0 0.714716 0.0848801 0.319769 0.16976 0.00140597
0 0.243406 0.263698 0.427426 0.265755 0.00140277
0 0.134716 0.245769 0.269432 0.491537 0.00139112
0 0.330907 0.521616 0.303077 0.224677 0.00138936
0 0.279508 0.92805 0.221591 0.1439 0.00137911
0 0.328865 0.355371 0.429732 0.527807 0.00137594
0 0.597617 0.13531 0.325829 0.270621 0.00136778
0 0.209773 0.327617 0.365713 0.141384 0.00136696
0 0.276154 0.59195 0.330101 0.411204 0.00136692
0 0.289541 0.509282 0.43985 0.581523 0.00136565
0 0.369828 0.937186 0.231529 0.125629 0.00136441
0 0.705723 0.937281 0.244319 0.125438 0.00136242
0 0.783527 0.108875 0.333204 0.21775 0.00135057
0 0.139075 0.0803623 0.278149 0.160725 0.00134615
0 0.0674797 0.128843 0.134959 0.257685 0.00133913
0 0.239306 0.325398 0.424002 0.232531 0.00133856
0 0.146383 0.33567 0.26445 0.137158 0.00133372
0 0.506654 0.115263 0.0158213 0.0204425 0.00132747
0 0.0945928 0.0527927 0.189186 0.105585 0.00132168
0 0.0652902 0.409069 0.13058 0.169656 0.00132066
0 0.489266 0.0311807 0.0122945 0.0220676 0.00131254
0 0.0625516 0.490169 0.125103 0.24452 0.00130924
0 0.258259 0.35808 0.464382 0.579147 0.00130819
0 0.299452 0.315644 0.419892 0.389559 0.00129213
0 0.660875 0.115655 0.328606 0.231309 0.00128892
0 0.132719 0.369576 0.233784 0.138631 0.00128805
0 0.965152 0.169631 0.0696968 0.339262 0.00127973
0 0.910888 0.182226 0.178224 0.364453 0.00127027
0 0.459607 0.628778 0.0129263 0.0178333 0.00125781
0 0.145915 0.528922 0.291831 0.483338 0.00125629
0 0.115046 0.136439 0.230092 0.272878 0.00116475
0 0.10933 0.348779 0.21866 0.155696 0.00114931
0 0.0570857 0.511578 0.114171 0.325081 0.00114681
0 0.0885944 0.360289 0.177189 0.174636 0.00108796
0 0.488357 0.0186671 0.0133102 0.0179454 0.00105061
0 0.0810098 0.374518 0.16202 0.131754 0.0010266
