0 0.570125 0.584444 0.0154999 0.028 1
0 0.503068 0.66394 0.527326 0.67212 0.00362213
0 0.800831 0.198398 0.398338 0.396796 0.00357607
0 0.776704 0.2462 0.446592 0.492399 0.00309358
0 0.749929 0.191053 0.414383 0.382105 0.00299534
0 0.692526 0.213034 0.409699 0.426068 0.00285909
0 0.387425 0.2417 0.403341 0.483401 0.00282601
0 0.404127 0.678888 0.496052 0.642224 0.00281233
0 0.266396 0.263357 0.390801 0.526714 0.00268251
0 0.739282 0.783578 0.356902 0.432845 0.00268119
0 0.0386744 0.0592988 0.0773488 0.118598 0.00264176
0 0.659007 0.731802 0.348493 0.536396 0.00261242
0 0.559411 0.72072 0.474259 0.558559 0.00256347
0 0.584673 0.202252 0.437594 0.404504 0.00256263
0 0.182962 0.259062 0.365924 0.518123 0.00251479
0 0.855154 0.810946 0.289692 0.378108 0.00245813
0 0.498238 0.180023 0.433278 0.360045 0.0024192
0 0.808076 0.816845 0.349328 0.36631 0.00239326
0 0.532739 0.840773 0.422084 0.318453 0.00236254
0 0.716931 0.401285 0.129295 0.321431 0.00235604
0 0.940979 0.485995 0.118041 0.525024 0.00231492
0 0.444736 0.734232 0.508046 0.531536 0.00230862
0 0.930559 0.805118 0.138883 0.389764 0.00226476
0 0.936515 0.169372 0.126971 0.338744 0.00224676
0 0.936338 0.392152 0.127324 0.517879 0.00223451
0 0.702459 0.878589 0.270003 0.242821 0.00222263
0 0.809571 0.343163 0.380859 0.686327 0.00220772
0 0.597764 0.872821 0.309485 0.254357 0.00220749
0 0.539692 0.309617 0.520731 0.619234 0.00219642
0 0.652265 0.352415 0.264421 0.537281 0.00219243
0 0.815528 0.237781 0.368944 0.475562 0.00216882
0 0.93971 0.916019 0.12058 0.167962 0.00215885
0 0.952294 0.770278 0.0954125 0.436593 0.00211911
0 0.939409 0.0714228 0.121183 0.142846 0.00211639
0 0.839218 0.393663 0.321563 0.787326 0.00211083
0 0.722275 0.377801 0.0841777 0.212331 0.00208314
0 0.697363 0.303923 0.491133 0.607845 0.00205023
0 0.617446 0.391739 0.455182 0.783477 0.0020342
0 0.421166 0.920725 0.2763 0.158551 0.002032
0 0.0831181 0.897315 0.166236 0.20537 0.00201998
0 0.242916 0.43764 0.177949 0.61361 0.00201987
0 0.686649 0.338016 0.15001 0.389012 0.00201022
0 0.973766 0.415338 0.0524686 0.369263 0.0019973
0 0.71947 0.468226 0.349467 0.658908 0.00199672
0 0.113717 0.3103 0.227435 0.570782 0.00199443
0 0.761133 0.852749 0.288566 0.294503 0.00199415
0 0.244808 0.529261 0.192256 0.538474 0.00197707
0 0.77406 0.466582 0.205562 0.346769 0.00196137
0 0.573558 0.622141 0.513166 0.755718 0.00195768
0 0.2904 0.809025 0.220204 0.38195 0.00194584
0 0.944857 0.60223 0.110285 0.466051 0.00192809
0 0.969768 0.694877 0.0604635 0.394819 0.00192559
0 0.205775 0.436968 0.17288 0.626415 0.00191785
0 0.0846323 0.927428 0.169265 0.145143 0.00191536
0 0.972875 0.633759 0.0542507 0.373816 0.00191348
0 0.262465 0.770167 0.233097 0.459667 0.00190701
0 0.0514615 0.922508 0.102923 0.154983 0.0018943
0 0.658784 0.227439 0.26429 0.454878 0.00189413
0 0.0367326 0.0930559 0.0734651 0.186112 0.00188773
0 0.857659 0.506969 0.284683 0.716507 0.00188151
0 0.049895 0.896678 0.09979 0.206644 0.00187732
0 0.761657 0.924674 0.198647 0.150651 0.00186969
0 0.374243 0.831799 0.473869 0.336402 0.00186708
0 0.974143 0.528523 0.0517145 0.361571 0.00186195
0 0.891731 0.845183 0.216538 0.309633 0.00186176
0 0.963186 0.146357 0.0736271 0.292714 0.00185195
0 0.212328 0.309299 0.248248 0.618599 0.00184848
0 0.980663 0.466012 0.0386735 0.424386 0.0018296
0 0.0969558 0.837074 0.193912 0.325851 0.00182728
0 0.212981 0.301483 0.388194 0.602966 0.00182123
0 0.944097 0.704129 0.111806 0.472343 0.00182046
0 0.671954 0.654519 0.42528 0.690962 0.00181979
0 0.166575 0.312903 0.212489 0.597553 0.0018193
0 0.0633399 0.0623102 0.12668 0.12462 0.00181826
0 0.833299 0.831063 0.333403 0.337873 0.00181819
0 0.664541 0.287225 0.197963 0.455386 0.00181816
0 0.980285 0.580689 0.0394302 0.423946 0.00181815
0 0.630507 0.355534 0.511472 0.711067 0.00181659
0 0.52072 0.884521 0.339532 0.230958 0.00181354
0 0.942101 0.863206 0.115798 0.273587 0.00180183
0 0.124693 0.892307 0.206592 0.215385 0.00179882
0 0.679789 0.918648 0.224465 0.162704 0.00179585
0 0.573168 0.465964 0.502291 0.894786 0.00178306
0 0.456331 0.937599 0.250312 0.124802 0.00177263
0 0.283161 0.316771 0.31621 0.633542 0.00176856
0 0.463938 0.897242 0.333961 0.205515 0.00176775
0 0.740933 0.390833 0.0975051 0.168394 0.00176597
0 0.931745 0.298148 0.13651 0.441489 0.00176151
0 0.70548 0.200888 0.27892 0.401776 0.00176117
0 0.910671 0.884891 0.178658 0.230218 0.00175899
0 0.398044 0.573173 0.437968 0.853654 0.0017568
0 0.231179 0.799272 0.23434 0.401456 0.00174856
0 0.870295 0.212325 0.25941 0.42465 0.00174357
0 0.900606 0.055798 0.198787 0.111596 0.00174215
0 0.967255 0.188066 0.0654899 0.376133 0.00173756
0 0.0771093 0.776727 0.154219 0.416887 0.00173401
0 0.897351 0.777277 0.205298 0.445445 0.00173108
0 0.722246 0.346914 0.0776274 0.207232 0.00172768
0 0.0747555 0.603776 0.149511 0.411733 0.00172434
0 0.287872 0.898143 0.222599 0.203714 0.00171923
0 0.197073 0.353053 0.133357 0.570261 0.00171906
0 0.267982 0.687821 0.199514 0.474016 0.00171811
0 0.390846 0.310589 0.428466 0.621179 0.00171691
0 0.537217 0.38912 0.518143 0.77824 0.00171412
0 0.41108 0.718156 0.364819 0.563689 0.00170971
0 0.244813 0.335233 0.14643 0.58412 0.00170488
0 0.188426 0.893959 0.204078 0.212082 0.00170447
0 0.67312 0.539669 0.46483 0.86942 0.00169202
0 0.8875 0.626622 0.225 0.556834 0.00169068
0 0.784177 0.555603 0.349609 0.673657 0.00168644
0 0.978737 0.343681 0.0425268 0.455812 0.00168365
0 0.0709432 0.50888 0.141886 0.35604 0.00167921
0 0.815705 0.922705 0.210326 0.15459 0.0016789
0 0.917097 0.206473 0.165806 0.412946 0.00167799
0 0.07396 0.864905 0.14792 0.270189 0.00167602
0 0.0678976 0.257382 0.135795 0.36888 0.00167482
0 0.117247 0.807193 0.214331 0.385614 0.00166924
0 0.0708916 0.339166 0.141783 0.357174 0.00166884
0 0.799251 0.752496 0.252445 0.389812 0.0016631
0 0.18492 0.80703 0.206904 0.38594 0.00166183
0 0.230904 0.61274 0.184206 0.552801 0.00166174
0 0.820744 0.697521 0.192895 0.281894 0.00165172
0 0.897374 0.910567 0.205252 0.178865 0.0016485
0 0.467857 0.306495 0.470157 0.61299 0.00164587
0 0.33823 0.856217 0.366425 0.287567 0.00164494
0 0.846232 0.666511 0.163467 0.248365 0.00164456
0 0.883103 0.68892 0.177157 0.324908 0.0016443
0 0.0749624 0.436966 0.149925 0.411767 0.00162761
0 0.926245 0.926913 0.14751 0.146174 0.0016248
0 0.922672 0.126475 0.154657 0.252951 0.00162379
0 0.152306 0.84086 0.203328 0.31828 0.0016184
0 0.458071 0.818242 0.487103 0.363515 0.00161588
0 0.82611 0.302714 0.315021 0.320529 0.00161184
0 0.0706307 0.671155 0.141261 0.364731 0.00160614
0 0.311278 0.123294 0.319193 0.246589 0.00160569
0 0.16538 0.420027 0.144145 0.569197 0.00159886
0 0.121169 0.925255 0.220569 0.149489 0.00159414
0 0.914714 0.754822 0.170572 0.477264 0.00158997
0 0.0496959 0.821705 0.0993918 0.324648 0.00158787
0 0.176431 0.13177 0.303213 0.263541 0.00158687
0 0.377466 0.121229 0.327983 0.242459 0.00158569
0 0.400767 0.937144 0.245043 0.125712 0.0015832
0 0.361399 0.920935 0.255156 0.158129 0.00157816
0 0.436768 0.495621 0.481395 0.905916 0.00156974
0 0.826474 0.546225 0.347053 0.701925 0.00156923
0 0.518449 0.537142 0.492127 0.887305 0.00156763
0 0.839771 0.129472 0.320457 0.258945 0.00156191
0 0.258289 0.608835 0.184373 0.514346 0.00156111
0 0.836946 0.446277 0.30869 0.405672 0.00156106
0 0.0484414 0.765481 0.0968829 0.320442 0.00156019
0 0.376618 0.410716 0.376517 0.736636 0.00154894
0 0.86817 0.684761 0.209242 0.504439 0.00153995
0 0.265181 0.308025 0.19323 0.582425 0.00153775
0 0.852057 0.0532968 0.241136 0.106594 0.00153752
0 0.132803 0.331841 0.164601 0.494415 0.0015356
0 0.245364 0.126601 0.310122 0.253202 0.0015343
0 0.97641 0.230125 0.04718 0.46025 0.00153344
0 0.129952 0.0447924 0.233083 0.0895848 0.00153227
0 0.0366909 0.149468 0.0733819 0.289552 0.00153183
0 0.146639 0.779768 0.195777 0.440464 0.00153162
0 0.445196 0.0498624 0.236055 0.0997248 0.001529
0 0.740973 0.343256 0.0854607 0.164149 0.00152818
0 0.768188 0.704649 0.347461 0.564952 0.00152613
0 0.228764 0.705678 0.195934 0.564573 0.00152441
0 0.257791 0.55057 0.162478 0.405529 0.00151932
0 0.870697 0.660602 0.144702 0.32305 0.00151473
0 0.908485 0.675143 0.183031 0.496166 0.00151214
0 0.302136 0.610708 0.189623 0.646663 0.00151038
0 0.970795 0.297172 0.0584094 0.383383 0.00150762
0 0.0449965 0.314669 0.0899931 0.303078 0.00150759
0 0.158951 0.324545 0.147269 0.518588 0.00150623
0 0.89376 0.935663 0.212481 0.128674 0.00150527
0 0.0717747 0.198608 0.143549 0.319679 0.00150526
0 0.719648 0.131652 0.327416 0.263304 0.00149827
0 0.0476235 0.540153 0.0952471 0.311864 0.0014978
0 0.694473 0.0497076 0.233895 0.0994151 0.00149731
0 0.194647 0.0421557 0.226778 0.0843114 0.00149672
0 0.0474856 0.706911 0.0949711 0.313294 0.00149576
0 0.047249 0.484924 0.094498 0.310786 0.00148996
0 0.351196 0.0480299 0.232937 0.0960597 0.00148992
0 0.789587 0.0509275 0.235642 0.101855 0.0014894
0 0.330475 0.533582 0.282861 0.727288 0.00148924
0 0.5069 0.0509844 0.238943 0.101969 0.00148871
0 0.133288 0.143531 0.266576 0.287062 0.00148768
0 0.723523 0.935382 0.210392 0.129235 0.00148567
0 0.044067 0.26085 0.0881339 0.297994 0.00148156
0 0.289188 0.0444539 0.229175 0.0889078 0.00148132
0 0.0463352 0.427735 0.0926703 0.307639 0.00148045
0 0.0474177 0.651182 0.0948354 0.312569 0.00148027
0 0.090292 0.730671 0.180584 0.530805 0.00147867
0 0.0884835 0.300774 0.176967 0.51038 0.0014725
0 0.0454213 0.370711 0.0908427 0.305644 0.00147013
0 0.576725 0.938572 0.254535 0.122857 0.0014699
0 0.516699 0.938428 0.263407 0.123145 0.00146951
0 0.0884569 0.617227 0.176914 0.523368 0.00146762
0 0.788031 0.133848 0.334422 0.267696 0.0014614
0 0.429947 0.369863 0.415237 0.732362 0.0014598
0 0.184416 0.925541 0.220396 0.148919 0.00145963
0 0.32614 0.912122 0.247727 0.175755 0.00145831
0 0.0412554 0.206911 0.0825107 0.291498 0.00145516
0 0.839293 0.935177 0.22652 0.129646 0.00144738
0 0.632028 0.0496185 0.234737 0.099237 0.0014436
0 0.834161 0.684659 0.291784 0.5509 0.00144082
0 0.14066 0.471952 0.163288 0.547976 0.00143978
0 0.172228 0.555187 0.152673 0.539376 0.0014395
0 0.912651 0.684836 0.155499 0.400557 0.00143711
0 0.436119 0.102095 0.3301 0.204191 0.00143652
0 0.500419 0.111324 0.329091 0.222649 0.00141351
0 0.113107 0.390802 0.175808 0.52968 0.00140268
0 0.569459 0.0504711 0.236825 0.100942 0.00140217
0 0.0678972 0.150749 0.135794 0.301498 0.00140065
0 0.147183 0.593176 0.167115 0.51995 0.0013919
0 0.632048 0.934279 0.260861 0.131442 0.00138842
0 0.107176 0.690502 0.201674 0.558168 0.00138514
0 0.10847 0.57425 0.196636 0.531862 0.00138148
0 0.149356 0.703066 0.170027 0.54203 0.00137589
0 0.280595 0.930068 0.231974 0.139865 0.00136718
0 0.657621 0.13456 0.325099 0.26912 0.0013652
0 0.0886326 0.502367 0.177265 0.517983 0.00136109
0 0.562574 0.130036 0.329534 0.260072 0.00135651
0 0.181576 0.654111 0.150786 0.530812 0.00134637
0 0.180628 0.745438 0.175611 0.509124 0.00133219
0 0.0924911 0.0488523 0.184982 0.0977046 0.00129586
0 0.279827 0.401692 0.170492 0.609639 0.00129003
0 0.273092 0.482895 0.149938 0.525854 0.00125516
0 0.335564 0.93436 0.237582 0.131279 0.00123554
0 0.274615 0.586312 0.151836 0.399791 0.00114894
0 0.639151 0.169973 0.0132711 0.0207216 0.00106861
0 0.294882 0.737861 0.166378 0.419865 0.00105516
