0 0.233761 0.0521527 0.0157249 0.0379096 0.00555044
0 0.875953 0.119466 0.248095 0.238932 0.00446912
0 0.384754 0.574527 0.0145127 0.0241545 0.00391769
0 0.661463 0.722755 0.356951 0.55449 0.00333706
0 0.233094 0.0600711 0.0159585 0.0244755 0.00333116
0 0.272007 0.676536 0.509533 0.646929 0.00319223
0 0.259724 0.341268 0.0120728 0.0226603 0.00291301
0 0.384126 0.567195 0.0155723 0.0261608 0.0029038
0 0.629177 0.7501 0.307012 0.4998 0.00287496
0 0.217467 0.22065 0.434935 0.441301 0.00284444
0 0.871574 0.0716318 0.253672 0.143264 0.00282509
0 0.362607 0.663541 0.52554 0.672919 0.00278256
0 0.230058 0.748163 0.460116 0.503675 0.00274187
0 0.259242 0.35055 0.0127912 0.021173 0.00273324
0 0.175915 0.757737 0.351829 0.484527 0.00261636
0 0.598266 0.634519 0.0679169 0.244363 0.00257559
0 0.0389528 0.0590884 0.0779056 0.118177 0.00254858
0 0.635789 0.703965 0.122847 0.369925 0.00254622
0 0.471812 0.688696 0.420037 0.622609 0.0025446
0 0.752218 0.0764581 0.358259 0.152916 0.00253939
0 0.599082 0.715293 0.10336 0.408213 0.00253067
0 0.586324 0.608242 0.101946 0.343897 0.0025042
0 0.856289 0.230931 0.287423 0.461861 0.00250061
0 0.935939 0.800778 0.128121 0.398445 0.00247118
0 0.526842 0.742631 0.244616 0.514739 0.0024277
0 0.971629 0.53524 0.0567425 0.395215 0.00236174
0 0.635088 0.0790716 0.365805 0.158143 0.0023514
0 0.61487 0.481237 0.468325 0.883183 0.00232254
0 0.757251 0.707737 0.43503 0.584527 0.00229197
0 0.840081 0.772094 0.319839 0.455811 0.00228735
0 0.796228 0.319686 0.407545 0.639372 0.00228658
0 0.698969 0.751666 0.233035 0.475957 0.00227922
0 0.180635 0.791374 0.361269 0.417252 0.00227522
0 0.915869 0.319409 0.168261 0.638819 0.00225924
0 0.621975 0.191948 0.482871 0.383895 0.00225731
0 0.911845 0.0553856 0.17631 0.110771 0.0022382
0 0.623637 0.671438 0.0925379 0.311173 0.00223781
0 0.305791 0.169598 0.433056 0.339196 0.00223552
0 0.927708 0.423235 0.144585 0.601044 0.00223023
0 0.879114 0.809108 0.241773 0.381783 0.00222634
0 0.970729 0.295399 0.0585417 0.399032 0.00221739
0 0.113541 0.862914 0.227081 0.274171 0.00221384
0 0.955089 0.780369 0.0898217 0.426627 0.00221248
0 0.973661 0.363779 0.052677 0.364722 0.00219612
0 0.417349 0.626892 0.506793 0.746215 0.00218676
0 0.223975 0.341955 0.0111729 0.0238657 0.00218628
0 0.630981 0.0425431 0.243547 0.0850863 0.00217076
0 0.471347 0.848653 0.383742 0.302693 0.00216801
0 0.881697 0.841805 0.236605 0.316391 0.00215907
0 0.646139 0.135322 0.471612 0.270644 0.00215881
0 0.553178 0.5581 0.110926 0.410772 0.00213365
0 0.604851 0.277576 0.481507 0.555152 0.0021322
0 0.799809 0.73571 0.400381 0.528581 0.00212974
0 0.628441 0.25243 0.427768 0.255498 0.00212595
0 0.582562 0.762259 0.429323 0.475483 0.00212388
0 0.834297 0.238178 0.331405 0.476355 0.00212353
0 0.792272 0.847255 0.411601 0.305491 0.00212268
0 0.567372 0.623099 0.0735297 0.285942 0.00212098
0 0.9332 0.0650298 0.1336 0.13006 0.00210602
0 0.942001 0.628118 0.115999 0.532949 0.00209741
0 0.93853 0.50121 0.122941 0.555115 0.00209526
0 0.235257 0.0488298 0.0153054 0.0579456 0.00207597
0 0.394615 0.115034 0.412053 0.230067 0.0020727
0 0.901557 0.264799 0.196887 0.529597 0.00206447
0 0.568419 0.0400108 0.242832 0.0800216 0.00206307
0 0.433534 0.555932 0.450407 0.794131 0.00205037
0 0.557378 0.0887479 0.392494 0.177496 0.00203698
0 0.964513 0.225556 0.0709744 0.432118 0.00203302
0 0.110382 0.805051 0.220765 0.389897 0.00202228
0 0.940562 0.918776 0.118877 0.162448 0.00201643
0 0.977431 0.282257 0.0451373 0.485947 0.00200828
0 0.612008 0.669993 0.18316 0.473285 0.00200815
0 0.244692 0.826741 0.489385 0.346519 0.0020014
0 0.616595 0.344074 0.461567 0.574185 0.00199385
0 0.468135 0.1137 0.387417 0.2274 0.00198874
0 0.0826011 0.893295 0.165202 0.213411 0.00198684
0 0.23212 0.338448 0.0153826 0.0192849 0.00198682
0 0.965885 0.585515 0.0682307 0.398187 0.00198555
0 0.449176 0.527101 0.393038 0.617576 0.00198289
0 0.505014 0.0412702 0.242397 0.0825404 0.00197465
0 0.980021 0.347736 0.039957 0.448999 0.00197459
0 0.465409 0.385414 0.408013 0.56676 0.00197316
0 0.529348 0.85777 0.387628 0.284461 0.00196921
0 0.691499 0.0463464 0.246873 0.0926928 0.00195241
0 0.658801 0.231775 0.411587 0.171572 0.00192838
0 0.39501 0.56342 0.352192 0.557461 0.0019152
0 0.46091 0.32585 0.389414 0.361285 0.00191429
0 0.515076 0.746478 0.432756 0.507044 0.00190102
0 0.97883 0.472859 0.0423393 0.437386 0.00189574
0 0.707468 0.849421 0.438253 0.301157 0.00188995
0 0.790099 0.742662 0.312472 0.514675 0.0018891
0 0.340523 0.608826 0.389731 0.583672 0.00188404
0 0.645079 0.352405 0.412512 0.435879 0.00187752
0 0.80369 0.927623 0.238284 0.144754 0.00187613
0 0.443011 0.0422872 0.239694 0.0845745 0.00187028
0 0.564605 0.692473 0.11035 0.403948 0.00186742
0 0.101677 0.913649 0.203354 0.172702 0.0018662
0 0.0648016 0.064616 0.129603 0.129232 0.00186394
0 0.0893287 0.583191 0.178657 0.540664 0.00186379
0 0.103351 0.497475 0.206703 0.584464 0.00186007
0 0.678178 0.936474 0.236084 0.127052 0.00185467
0 0.366196 0.832779 0.489205 0.334442 0.00184846
0 0.779517 0.242927 0.433995 0.485854 0.00183751
0 0.07613 0.840792 0.15226 0.318415 0.00183187
0 0.495161 0.650397 0.280805 0.575679 0.00183123
0 0.0480471 0.90706 0.0960943 0.185881 0.00182618
0 0.148579 0.855758 0.297159 0.288483 0.0018246
0 0.871512 0.203469 0.256976 0.406939 0.00181638
0 0.951657 0.217264 0.096687 0.434527 0.00181519
0 0.0722429 0.647767 0.144486 0.478441 0.00180629
0 0.804456 0.776831 0.391089 0.446338 0.00180508
0 0.174879 0.246585 0.349758 0.49317 0.00180488
0 0.389938 0.467408 0.461859 0.835829 0.00179916
0 0.0682629 0.563122 0.136526 0.277613 0.0017988
0 0.231048 0.916675 0.284989 0.166651 0.00179475
0 0.479695 0.459615 0.464516 0.830576 0.00179239
0 0.601083 0.853596 0.409064 0.292808 0.00178974
0 0.721447 0.194277 0.448766 0.388555 0.00178313
0 0.364747 0.493342 0.227318 0.432863 0.00178112
0 0.916084 0.908874 0.167831 0.182251 0.00177951
0 0.87852 0.929875 0.222527 0.14025 0.0017795
0 0.775226 0.937063 0.230824 0.125873 0.00176953
0 0.0329891 0.118298 0.0659782 0.236595 0.0017666
0 0.729498 0.928456 0.267281 0.143089 0.00175906
0 0.0337456 0.764815 0.0674912 0.287164 0.00175716
0 0.521454 0.896585 0.300734 0.20683 0.00175638
0 0.956027 0.635889 0.0879451 0.374694 0.00175614
0 0.81674 0.39024 0.36652 0.780481 0.00175515
0 0.232713 0.0485596 0.011819 0.0566797 0.00175212
0 0.389596 0.886544 0.336317 0.226912 0.00174863
0 0.402456 0.354441 0.287542 0.475059 0.00174782
0 0.89558 0.136279 0.208841 0.272559 0.00174522
0 0.051579 0.925796 0.103158 0.148407 0.001745
0 0.524736 0.564559 0.132627 0.439183 0.00174359
0 0.0345794 0.827304 0.0691589 0.303949 0.00174016
0 0.073325 0.9326 0.14665 0.1348 0.00173712
0 0.223777 0.134716 0.339293 0.269432 0.00172701
0 0.933185 0.137899 0.13363 0.275798 0.00172492
0 0.4897 0.326328 0.479872 0.652655 0.00172448
0 0.109158 0.39075 0.218316 0.604536 0.0017214
0 0.454883 0.88495 0.335662 0.230101 0.00171608
0 0.945653 0.874166 0.108694 0.251669 0.00171284
0 0.630056 0.924776 0.227201 0.150447 0.00170686
0 0.268892 0.900114 0.327184 0.199772 0.0017055
0 0.0293112 0.145882 0.0586224 0.291763 0.00169387
0 0.207464 0.68518 0.414928 0.629641 0.00168526
0 0.373313 0.536044 0.15728 0.352498 0.00168191
0 0.0709528 0.615704 0.141906 0.277328 0.00167693
0 0.226886 0.301622 0.453773 0.603244 0.0016763
0 0.377855 0.306512 0.223191 0.300259 0.00167123
0 0.129773 0.919715 0.211058 0.16057 0.00166878
0 0.0669779 0.504878 0.133956 0.274802 0.0016654
0 0.700407 0.266319 0.434632 0.250079 0.0016646
0 0.0571689 0.764986 0.114338 0.389887 0.00165762
0 0.0248914 0.195488 0.0497828 0.299764 0.00165625
0 0.383217 0.30514 0.491027 0.61028 0.00164963
0 0.0585977 0.697086 0.117195 0.398937 0.00164703
0 0.86466 0.728721 0.27068 0.542558 0.00164652
0 0.0355371 0.657145 0.0710743 0.255593 0.00164618
0 0.949822 0.687076 0.100355 0.495133 0.00164561
0 0.850689 0.412673 0.298622 0.810882 0.00163835
0 0.329897 0.89596 0.341299 0.20808 0.00163667
0 0.0703192 0.728931 0.140638 0.260646 0.00163418
0 0.378293 0.303994 0.405968 0.430262 0.00163145
0 0.863484 0.0537051 0.234727 0.10741 0.00163099
0 0.187069 0.922926 0.233674 0.154148 0.00162547
0 0.0344717 0.710193 0.0689433 0.265078 0.00162398
0 0.0670365 0.800209 0.134073 0.399582 0.00162397
0 0.571012 0.911269 0.260009 0.177462 0.00162292
0 0.170884 0.695289 0.341768 0.452064 0.00161977
0 0.382178 0.0411752 0.23557 0.0823504 0.00161538
0 0.682122 0.334143 0.394197 0.355908 0.00161094
0 0.838825 0.9375 0.226398 0.124999 0.00160752
0 0.025538 0.48974 0.0510759 0.259331 0.00160574
0 0.681937 0.0688013 0.311308 0.137603 0.00160211
0 0.515833 0.937337 0.252233 0.125326 0.00159118
0 0.843181 0.728582 0.313638 0.542835 0.00158906
0 0.754638 0.0503958 0.244959 0.100792 0.00158569
0 0.0235228 0.252348 0.0470456 0.29151 0.00158218
0 0.176963 0.445984 0.353927 0.891968 0.00158116
0 0.736085 0.741788 0.242274 0.516424 0.00157801
0 0.665767 0.694784 0.29188 0.54817 0.00157187
0 0.931433 0.890932 0.137135 0.218136 0.00156757
0 0.777191 0.365587 0.445619 0.731174 0.00156302
0 0.193774 0.0482514 0.237685 0.0965027 0.00156226
0 0.798946 0.418122 0.402109 0.836244 0.00155426
0 0.171353 0.298057 0.342706 0.596115 0.00155378
0 0.0235051 0.434321 0.0470101 0.258141 0.00155238
0 0.761955 0.697673 0.271389 0.537097 0.00154347
0 0.652856 0.740998 0.455655 0.518005 0.00154324
0 0.154723 0.731609 0.309447 0.536782 0.00154204
0 0.824858 0.504584 0.350284 0.758718 0.00154052
0 0.420545 0.938215 0.253818 0.12357 0.00154022
0 0.300215 0.30584 0.485309 0.61168 0.00153838
0 0.905664 0.764765 0.188672 0.470471 0.00153226
0 0.282126 0.123522 0.335132 0.247044 0.00153125
0 0.222067 0.350302 0.0127845 0.0261947 0.00153058
0 0.762973 0.520071 0.413371 0.736547 0.00152809
0 0.332604 0.571883 0.235124 0.410423 0.00152785
0 0.865529 0.516365 0.268942 0.700429 0.00152718
0 0.071573 0.784289 0.143146 0.307254 0.00152514
0 0.76538 0.631048 0.355317 0.602522 0.00152211
0 0.0710427 0.672991 0.142085 0.266279 0.00152152
0 0.337659 0.407827 0.436587 0.786202 0.00152098
0 0.241289 0.938608 0.244595 0.122783 0.00151876
0 0.0334207 0.598245 0.0668414 0.260729 0.00151304
0 0.886617 0.687371 0.226766 0.60052 0.00151159
0 0.909943 0.93358 0.180114 0.13284 0.0015115
0 0.0977854 0.308016 0.195571 0.588612 0.00151137
0 0.0227092 0.312919 0.0454184 0.274756 0.00150781
0 0.654686 0.376857 0.473058 0.753713 0.00150683
0 0.0227179 0.374193 0.0454359 0.263606 0.00150378
0 0.0861996 0.157591 0.172399 0.315182 0.00149819
0 0.823972 0.61961 0.352056 0.630504 0.00149329
0 0.658181 0.565339 0.439474 0.774072 0.00149324
0 0.310954 0.261631 0.402263 0.523263 0.00149265
0 0.0294405 0.543113 0.0588809 0.26197 0.00149092
0 0.330585 0.35298 0.344003 0.581971 0.00148739
0 0.186053 0.623202 0.368744 0.378841 0.00148557
0 0.386883 0.584194 0.0107743 0.02018 0.00148526
0 0.256947 0.0483777 0.235945 0.0967554 0.00148466
0 0.761869 0.316039 0.452126 0.618881 0.00148241
0 0.54321 0.376777 0.480555 0.672064 0.00147958
0 0.036298 0.876907 0.072596 0.246186 0.00147897
0 0.254602 0.451381 0.461644 0.902569 0.00146822
0 0.129925 0.0501097 0.240422 0.100219 0.001468
0 0.830619 0.0593307 0.278593 0.118661 0.00146539
0 0.161763 0.141135 0.323527 0.282271 0.0014635
0 0.0659173 0.44142 0.131835 0.272489 0.00145978
0 0.562605 0.0656283 0.317142 0.131257 0.00145861
0 0.160443 0.542358 0.320886 0.817849 0.00145844
0 0.310537 0.298429 0.289988 0.422003 0.00145556
0 0.853876 0.607115 0.292248 0.654664 0.00145502
0 0.201809 0.600554 0.403619 0.513249 0.00145161
0 0.722899 0.418267 0.451545 0.836534 0.00144688
0 0.320585 0.0449748 0.232869 0.0899495 0.00144665
0 0.317802 0.540621 0.437581 0.845604 0.0014438
0 0.736998 0.327585 0.4373 0.426261 0.00144344
0 0.31009 0.349658 0.0154584 0.0198353 0.00143241
0 0.358056 0.938352 0.259927 0.123296 0.00143155
0 0.208446 0.372085 0.416892 0.74417 0.00142601
0 0.73804 0.0603446 0.304237 0.120689 0.00141779
0 0.583267 0.935109 0.240193 0.129782 0.00141685
0 0.294528 0.938523 0.254921 0.122955 0.00140471
0 0.498006 0.0589229 0.31337 0.117846 0.00135394
0 0.0634568 0.374361 0.126914 0.284885 0.00133182
0 0.153499 0.936292 0.226973 0.127417 0.00133089
0 0.0805115 0.261191 0.161023 0.522382 0.001328
0 0.0935835 0.0557199 0.187167 0.11144 0.00132784
0 0.0602972 0.304612 0.120594 0.31461 0.00130638
0 0.264483 0.593096 0.434266 0.809039 0.00129004
0 0.0679072 0.233737 0.135814 0.353053 0.00127865
0 0.860136 0.148879 0.279727 0.297758 0.00127306
0 0.309016 0.341419 0.0154772 0.0224245 0.0012679
0 0.437311 0.0600833 0.312659 0.120167 0.0012572
0 0.341202 0.0830689 0.321342 0.166138 0.00125264
0 0.311724 0.352067 0.0135079 0.0205462 0.00119252
0 0.231662 0.329043 0.0127416 0.0198492 0.0011918
0 0.331512 0.325623 0.0123628 0.0209515 0.00115224
0 0.126021 0.266694 0.252041 0.533388 0.00111537
0 0.232604 0.349613 0.0177437 0.0210408 0.00103966
0 0.311825 0.343446 0.015412 0.0223449 0.00101177
0 0.233803 0.341387 0.0137417 0.0229716 0.00101106
