0 0.659625 0.507333 0.0172499 0.0311111 1
0 0.199193 0.783189 0.285479 0.433623 0.00637804
0 0.880692 0.168205 0.238617 0.33641 0.00516762
0 0.82323 0.160098 0.35354 0.320196 0.00384395
0 0.185967 0.714638 0.229855 0.446753 0.00351258
0 0.789618 0.191284 0.420764 0.382568 0.00349107
0 0.91423 0.159044 0.17154 0.318088 0.00347045
0 0.527404 0.664191 0.487453 0.671618 0.00306542
0 0.396843 0.687567 0.50143 0.624867 0.00302905
0 0.700146 0.824833 0.157642 0.350333 0.002985
0 0.203892 0.245094 0.407783 0.490189 0.00290831
0 0.709809 0.192683 0.434129 0.385366 0.0028863
0 0.639488 0.803225 0.217141 0.393551 0.00285799
0 0.736009 0.820952 0.153483 0.358096 0.00285329
0 0.564262 0.20477 0.42469 0.40954 0.00270072
0 0.0389064 0.0608637 0.0778128 0.121727 0.0026697
0 0.241046 0.19518 0.435932 0.390359 0.00262657
0 0.49457 0.216082 0.442278 0.432164 0.00262409
0 0.608064 0.82284 0.364226 0.35432 0.00255521
0 0.565925 0.74974 0.45017 0.500519 0.00253722
0 0.16684 0.651345 0.253101 0.537083 0.00244223
0 0.279279 0.141192 0.413619 0.282383 0.00241443
0 0.823928 0.216338 0.352144 0.432676 0.00240435
0 0.943785 0.680414 0.11243 0.494134 0.00238622
0 0.866159 0.805746 0.23187 0.388508 0.00238042
0 0.434927 0.19614 0.431243 0.392281 0.00235916
0 0.465752 0.627981 0.518958 0.744038 0.00234016
0 0.925885 0.32626 0.14823 0.632589 0.00233891
0 0.534732 0.843331 0.410821 0.313338 0.00232701
0 0.927019 0.794187 0.145963 0.411626 0.00232111
0 0.459801 0.477566 0.023148 0.0355538 0.00230404
0 0.508706 0.337743 0.449904 0.57929 0.0022866
0 0.935236 0.415408 0.129527 0.572689 0.00228651
0 0.511898 0.441122 0.319928 0.140384 0.0022791
0 0.973392 0.35541 0.0532158 0.39656 0.00226162
0 0.360392 0.924573 0.278395 0.150853 0.00218829
0 0.96473 0.77384 0.0705391 0.435245 0.00217744
0 0.521424 0.527835 0.492493 0.867549 0.00216899
0 0.823949 0.807243 0.195953 0.385513 0.00214133
0 0.776432 0.810864 0.181382 0.378273 0.00213014
0 0.679695 0.85411 0.224093 0.29178 0.00210651
0 0.131432 0.616253 0.23536 0.530456 0.00210592
0 0.73709 0.786323 0.197909 0.427354 0.00210273
0 0.195865 0.843029 0.322506 0.313943 0.00210233
0 0.972301 0.58532 0.0553977 0.372083 0.00209481
0 0.940167 0.915903 0.119667 0.168193 0.00208824
0 0.891498 0.809941 0.217004 0.380117 0.00208715
0 0.331932 0.733082 0.489268 0.533835 0.00205205
0 0.299636 0.841043 0.440004 0.317914 0.00205111
0 0.940189 0.761539 0.119623 0.476922 0.00204761
0 0.242773 0.812404 0.270864 0.375192 0.00204372
0 0.484341 0.337357 0.529648 0.674714 0.00204318
0 0.91997 0.0694403 0.160059 0.138881 0.00203672
0 0.220278 0.895867 0.246412 0.208266 0.00203291
0 0.922691 0.264554 0.154618 0.529108 0.0020246
0 0.620233 0.354305 0.425926 0.683993 0.00202254
0 0.700802 0.765723 0.267238 0.468555 0.00201952
0 0.866219 0.778678 0.267562 0.442643 0.00198895
0 0.828276 0.78261 0.236078 0.434779 0.00198753
0 0.456902 0.473303 0.0308257 0.0475248 0.0019824
0 0.94266 0.542139 0.11468 0.472014 0.00198169
0 0.0999405 0.89122 0.199881 0.21756 0.00198036
0 0.521765 0.447368 0.420539 0.560022 0.00197779
0 0.398423 0.900166 0.326209 0.199667 0.00197463
0 0.539493 0.292573 0.524355 0.585147 0.00196705
0 0.234293 0.734663 0.292136 0.530674 0.00196595
0 0.647394 0.697151 0.346754 0.605698 0.00196251
0 0.591329 0.637526 0.452101 0.724949 0.00196093
0 0.971829 0.468127 0.0563416 0.374782 0.0019587
0 0.394375 0.938689 0.252503 0.122622 0.00195152
0 0.884786 0.0619719 0.230428 0.123944 0.00194947
0 0.221901 0.66584 0.332346 0.613436 0.0019248
0 0.910695 0.836815 0.17861 0.32637 0.00192364
0 0.840089 0.25321 0.319822 0.50642 0.00192278
0 0.554656 0.388399 0.524793 0.776798 0.00191108
0 0.357703 0.118417 0.396583 0.236834 0.00190658
0 0.485959 0.893549 0.345764 0.212902 0.00189812
0 0.972421 0.704661 0.0551588 0.403083 0.00189176
0 0.276539 0.299044 0.474926 0.598089 0.00188535
0 0.101138 0.832998 0.202275 0.334004 0.00188309
0 0.781245 0.758694 0.238744 0.482612 0.00188117
0 0.0369103 0.092269 0.0738206 0.184538 0.00186774
0 0.0485467 0.89825 0.0970934 0.203501 0.00185919
0 0.979741 0.284073 0.0405184 0.464647 0.00185292
0 0.773122 0.236871 0.453757 0.473742 0.00184867
0 0.21981 0.930101 0.24161 0.139797 0.0018466
0 0.369568 0.821181 0.484708 0.357639 0.00184484
0 0.0637498 0.0631195 0.1275 0.126239 0.00182674
0 0.448284 0.937596 0.265695 0.124808 0.00182439
0 0.0510903 0.923407 0.102181 0.153186 0.00182334
0 0.763659 0.739004 0.216384 0.486355 0.00182041
0 0.597188 0.46039 0.495984 0.840069 0.00181862
0 0.97233 0.219791 0.0553403 0.439582 0.0018171
0 0.425723 0.306927 0.504259 0.613855 0.00181449
0 0.0732357 0.921812 0.146471 0.156376 0.00181345
0 0.423846 0.44556 0.11182 0.113599 0.00180664
0 0.112391 0.534483 0.224783 0.605958 0.00180522
0 0.274288 0.673272 0.397837 0.653455 0.00180335
0 0.977288 0.407156 0.045424 0.450336 0.00179225
0 0.823112 0.0555872 0.23628 0.111174 0.00178775
0 0.457063 0.819004 0.491719 0.361993 0.00178479
0 0.436436 0.448972 0.419449 0.369425 0.00178344
0 0.881944 0.843741 0.230166 0.312517 0.00177989
0 0.787973 0.140432 0.341601 0.280863 0.00177892
0 0.441615 0.518821 0.200435 0.22216 0.00177418
0 0.676565 0.446093 0.364626 0.612457 0.00177379
0 0.403024 0.445738 0.0936457 0.120088 0.00176924
0 0.763067 0.89878 0.192185 0.202441 0.00176872
0 0.380393 0.479827 0.32243 0.33201 0.00176404
0 0.370555 0.525825 0.183665 0.339478 0.00175416
0 0.289791 0.911418 0.27892 0.177163 0.00175233
0 0.521795 0.503488 0.322432 0.222496 0.00175168
0 0.692497 0.635515 0.332071 0.526556 0.0017514
0 0.134915 0.786377 0.263894 0.427245 0.00174954
0 0.620913 0.360448 0.499628 0.720895 0.00173677
0 0.883439 0.756327 0.233123 0.487347 0.00173186
0 0.842326 0.382624 0.315348 0.765248 0.00173166
0 0.69809 0.253672 0.490494 0.507345 0.00173079
0 0.841534 0.842745 0.202137 0.314509 0.00173021
0 0.819745 0.895657 0.194666 0.208686 0.00172981
0 0.686762 0.710195 0.38295 0.57961 0.00172831
0 0.91577 0.892264 0.168459 0.215472 0.00172628
0 0.732743 0.662898 0.1897 0.366603 0.0017231
0 0.377767 0.471397 0.118248 0.197667 0.00171851
0 0.167524 0.341509 0.335047 0.663643 0.00171692
0 0.548594 0.893422 0.328653 0.213156 0.00171501
0 0.0668702 0.334115 0.13374 0.333366 0.00170401
0 0.960501 0.174594 0.0789982 0.349189 0.00170269
0 0.735722 0.291937 0.479901 0.583875 0.0016993
0 0.210578 0.314037 0.421156 0.628075 0.00169765
0 0.816947 0.754802 0.267892 0.490396 0.00168943
0 0.882816 0.903674 0.212879 0.192652 0.00168727
0 0.359301 0.64457 0.485918 0.710859 0.00168295
0 0.0572413 0.291319 0.114483 0.446776 0.00168248
0 0.943108 0.866736 0.113783 0.266527 0.00167716
0 0.977976 0.635801 0.0440485 0.445208 0.00167624
0 0.346483 0.541212 0.302234 0.499941 0.00167586
0 0.699076 0.905978 0.196299 0.188043 0.00167255
0 0.31186 0.593593 0.319524 0.566356 0.001662
0 0.514261 0.937978 0.257894 0.124044 0.0016575
0 0.773395 0.353077 0.45321 0.706154 0.00165595
0 0.437588 0.626772 0.380815 0.636757 0.00165519
0 0.785457 0.450244 0.199004 0.20672 0.00165416
0 0.160332 0.895029 0.219346 0.209941 0.00164872
0 0.688046 0.380239 0.437397 0.760478 0.0016479
0 0.630384 0.903806 0.270244 0.192388 0.00164289
0 0.381107 0.584285 0.405921 0.697449 0.0016379
0 0.12532 0.449072 0.177877 0.408435 0.00163681
0 0.524673 0.570433 0.339247 0.360594 0.0016364
0 0.794337 0.470189 0.38657 0.628277 0.00163257
0 0.408004 0.472114 0.108298 0.171083 0.00163231
0 0.124503 0.39475 0.249006 0.619231 0.00162897
0 0.0585462 0.516199 0.117092 0.471351 0.00162738
0 0.753842 0.503983 0.151901 0.1669 0.00162386
0 0.763108 0.472154 0.204264 0.258047 0.00162057
0 0.778453 0.489328 0.148735 0.13153 0.00162015
0 0.320051 0.612324 0.387904 0.722216 0.00160765
0 0.0954962 0.762848 0.190992 0.474305 0.00160319
0 0.0387479 0.480684 0.0774959 0.304528 0.00160137
0 0.0703044 0.514194 0.140609 0.348164 0.00160122
0 0.188868 0.594112 0.291825 0.571795 0.00160018
0 0.75623 0.0489518 0.2373 0.0979036 0.00159497
0 0.943904 0.18283 0.112192 0.36566 0.00159481
0 0.225982 0.0490546 0.236518 0.0981091 0.00159066
0 0.101573 0.925013 0.203146 0.149973 0.00158818
0 0.726991 0.573523 0.20235 0.342946 0.00158575
0 0.0736325 0.790334 0.147265 0.373253 0.00158521
0 0.192929 0.124437 0.339472 0.248874 0.00158483
0 0.102544 0.445833 0.205088 0.631575 0.00158305
0 0.312199 0.341802 0.482617 0.683604 0.00157993
0 0.0417023 0.534525 0.0834046 0.305986 0.00156419
0 0.0468708 0.820274 0.0937416 0.322941 0.00156313
0 0.381989 0.407822 0.475171 0.815645 0.00155699
0 0.780788 0.687072 0.162147 0.384783 0.0015523
0 0.0462691 0.762768 0.0925382 0.314661 0.00154905
0 0.938305 0.13831 0.123389 0.276619 0.00154445
0 0.0615114 0.390709 0.123023 0.353526 0.00154285
0 0.0701167 0.202965 0.140233 0.326261 0.00154018
0 0.719726 0.13801 0.329564 0.27602 0.00153976
0 0.162723 0.0505474 0.237901 0.101095 0.00153762
0 0.893988 0.691165 0.212024 0.548137 0.00153749
0 0.822219 0.435778 0.355563 0.748297 0.00152901
0 0.807043 0.48681 0.163343 0.140994 0.00152513
0 0.722446 0.543288 0.301447 0.531363 0.0015237
0 0.24837 0.114141 0.33046 0.228282 0.00152364
0 0.0355793 0.146716 0.0711586 0.285749 0.00151656
0 0.0715692 0.263325 0.143138 0.314556 0.00151402
0 0.0710373 0.609729 0.142075 0.430303 0.00151278
0 0.323075 0.0492909 0.233725 0.0985818 0.00151186
0 0.694601 0.0473691 0.23388 0.0947382 0.00150781
0 0.410994 0.0504108 0.245566 0.100822 0.00150427
0 0.0766862 0.872397 0.153372 0.255206 0.00150264
0 0.118541 0.396441 0.202459 0.423847 0.00150194
0 0.180062 0.454307 0.221154 0.402148 0.00149529
0 0.743531 0.53646 0.251342 0.425378 0.00149461
0 0.0364102 0.364347 0.0728205 0.286733 0.00149261
0 0.141558 0.120977 0.283115 0.241954 0.00149083
0 0.0369168 0.315049 0.0738336 0.292943 0.00148436
0 0.0452796 0.704192 0.0905591 0.304985 0.00148156
0 0.0742676 0.721736 0.148535 0.416062 0.00148046
0 0.0440678 0.591165 0.0881355 0.305567 0.00148037
0 0.343684 0.516839 0.381306 0.652196 0.00147872
0 0.150715 0.25272 0.301431 0.505439 0.00147298
0 0.108616 0.0497514 0.217232 0.0995027 0.00147172
0 0.0391253 0.266693 0.0782506 0.303997 0.00146606
0 0.750335 0.928109 0.217082 0.143783 0.00146534
0 0.815026 0.707426 0.204787 0.429403 0.00146269
0 0.0436106 0.864579 0.0872211 0.270842 0.00145584
0 0.0450442 0.648603 0.0900884 0.304245 0.00145517
0 0.49857 0.541626 0.282462 0.189175 0.00144997
0 0.848241 0.497749 0.212223 0.194031 0.00144978
0 0.343997 0.506803 0.171913 0.313246 0.00144854
0 0.577499 0.937969 0.25322 0.124062 0.00143783
0 0.8486 0.455328 0.277146 0.28582 0.00143141
0 0.45195 0.481041 0.17437 0.162538 0.0014308
0 0.861612 0.715608 0.276776 0.473786 0.00142847
0 0.0652143 0.148432 0.130429 0.296863 0.00142632
0 0.894754 0.93135 0.210492 0.1373 0.00142289
0 0.474242 0.0495517 0.241306 0.0991034 0.00142181
0 0.155062 0.927874 0.227486 0.144252 0.00142048
0 0.810941 0.926234 0.218727 0.147531 0.00141344
0 0.182189 0.383331 0.253772 0.408039 0.00141215
0 0.0385462 0.20938 0.0770924 0.292888 0.00141176
0 0.204231 0.380935 0.362357 0.621172 0.00140813
0 0.468837 0.133372 0.329049 0.266744 0.00140494
0 0.631843 0.0486657 0.236461 0.0973314 0.00139959
0 0.874569 0.574882 0.250862 0.423777 0.00139069
0 0.879294 0.535908 0.241412 0.582618 0.00138354
0 0.304008 0.4584 0.428655 0.794387 0.0013629
0 0.0492749 0.384622 0.0985498 0.477919 0.00136143
0 0.644233 0.93448 0.237983 0.131039 0.00135579
0 0.250926 0.573576 0.393057 0.654122 0.00134749
0 0.102413 0.632885 0.204826 0.611201 0.00134562
0 0.538966 0.048256 0.236648 0.096512 0.00134324
0 0.302086 0.933229 0.254393 0.133542 0.00134201
0 0.0366837 0.427014 0.0733674 0.300628 0.00134002
0 0.0615552 0.203762 0.12311 0.407523 0.00133464
0 0.657535 0.135643 0.325089 0.271285 0.0013274
0 0.685646 0.932334 0.219874 0.135332 0.00132447
0 0.0656008 0.454341 0.131202 0.353185 0.00131042
0 0.533397 0.135649 0.32896 0.271298 0.00129484
0 0.254077 0.488504 0.360359 0.582605 0.00127602
0 0.596396 0.139604 0.325654 0.279208 0.00126114
