0 0.62125 0.479556 0.0125 0.0222222 1
0 0.62134 0.477021 0.0188642 0.0437284 0.0428933
0 0.619641 0.485808 0.0193543 0.0351428 0.00927258
0 0.622681 0.472559 0.0191202 0.0576624 0.00627615
0 0.520305 0.760871 0.352095 0.478258 0.00535508
0 0.476448 0.704598 0.434556 0.590804 0.00533076
0 0.536597 0.800479 0.259679 0.399041 0.00396656
0 0.627936 0.403523 0.014508 0.0369087 0.00366151
0 0.59099 0.797953 0.312408 0.404093 0.00356568
0 0.639835 0.762473 0.377944 0.475055 0.00335509
0 0.877716 0.231671 0.244569 0.463342 0.00316919
0 0.17958 0.219599 0.35916 0.439198 0.00298373
0 0.942218 0.19256 0.115565 0.38512 0.00298078
0 0.469303 0.228446 0.401324 0.456892 0.00296609
0 0.695027 0.241571 0.386956 0.483143 0.00293563
0 0.52874 0.813689 0.40227 0.372622 0.00293472
0 0.162616 0.75619 0.325231 0.48762 0.0029102
0 0.547933 0.725727 0.157184 0.542149 0.00284732
0 0.191745 0.158756 0.363069 0.317512 0.002841
0 0.231812 0.134897 0.038317 0.0665243 0.00284061
0 0.832118 0.249217 0.335764 0.498434 0.00281683
0 0.628626 0.396374 0.0140798 0.0266501 0.00281241
0 0.683496 0.798205 0.337493 0.403591 0.00279646
0 0.722774 0.808598 0.249416 0.382805 0.00265398
0 0.0395055 0.0583261 0.0790109 0.116652 0.00252354
0 0.962613 0.147737 0.0747744 0.295475 0.00250964
0 0.192273 0.732424 0.300935 0.535152 0.00245514
0 0.515899 0.325997 0.104353 0.410294 0.00244885
0 0.37174 0.199083 0.426865 0.398167 0.00240921
0 0.321928 0.169506 0.398712 0.339012 0.00234342
0 0.518941 0.380779 0.0900347 0.352953 0.00232408
0 0.518095 0.651695 0.140842 0.487974 0.00232256
0 0.784363 0.798098 0.189392 0.403803 0.00231207
0 0.509398 0.251697 0.15128 0.503393 0.00229022
0 0.231791 0.113852 0.346757 0.227705 0.00228957
0 0.538289 0.381008 0.0612271 0.30256 0.00226263
0 0.416383 0.842045 0.441745 0.315909 0.00225219
0 0.178782 0.716506 0.182477 0.566988 0.00224999
0 0.923921 0.0634567 0.152157 0.126913 0.0022357
0 0.517753 0.575369 0.0953379 0.357834 0.00221733
0 0.944432 0.591473 0.111136 0.512873 0.00219287
0 0.757844 0.824701 0.238688 0.350597 0.00218563
0 0.590145 0.709616 0.287214 0.580768 0.00218039
0 0.135853 0.714839 0.218067 0.570321 0.00217215
0 0.337159 0.707659 0.422167 0.584681 0.0021601
0 0.462521 0.300533 0.449889 0.601065 0.00215253
0 0.518131 0.484994 0.0857988 0.355486 0.00214081
0 0.643885 0.674226 0.405792 0.651549 0.00213964
0 0.433979 0.667595 0.449271 0.66481 0.00213382
0 0.491659 0.236766 0.266957 0.473532 0.00213314
0 0.139109 0.683039 0.163489 0.586562 0.00212637
0 0.205407 0.705415 0.169971 0.579686 0.00212333
0 0.943888 0.271799 0.112224 0.533437 0.00210119
0 0.940277 0.0800922 0.119447 0.160184 0.00209154
0 0.939722 0.908577 0.120556 0.182846 0.00208819
0 0.250708 0.522686 0.287084 0.574717 0.00208749
0 0.761684 0.780994 0.232869 0.438011 0.0020822
0 0.598955 0.843378 0.384169 0.313243 0.00207668
0 0.938457 0.808367 0.123086 0.383266 0.00206676
0 0.790904 0.762805 0.22132 0.474391 0.00203774
0 0.327663 0.861351 0.374197 0.277298 0.00203276
0 0.173672 0.662728 0.144368 0.536695 0.00203261
0 0.732409 0.773223 0.318732 0.453555 0.0019913
0 0.460939 0.927418 0.248218 0.145164 0.0019775
0 0.254965 0.564912 0.185138 0.51674 0.00197693
0 0.972022 0.200447 0.0559556 0.400894 0.0019725
0 0.921733 0.77445 0.156533 0.4511 0.0019711
0 0.477648 0.372188 0.357299 0.744375 0.00196879
0 0.945302 0.470475 0.109396 0.486543 0.00196752
0 0.536875 0.481667 0.0617182 0.328152 0.00196693
0 0.796058 0.479444 0.132577 0.402932 0.00195053
0 0.816559 0.747582 0.190364 0.504836 0.0019458
0 0.212688 0.550127 0.176132 0.486495 0.00194483
0 0.836012 0.806998 0.20267 0.386004 0.00193869
0 0.79613 0.565217 0.158371 0.447299 0.0019289
0 0.19898 0.527951 0.286351 0.549825 0.00192872
0 0.0996281 0.779246 0.199256 0.441508 0.00192417
0 0.129604 0.574541 0.251083 0.551922 0.00192023
0 0.538043 0.642316 0.0776137 0.381169 0.00191987
0 0.163498 0.571142 0.192828 0.500911 0.00191698
0 0.536581 0.573308 0.0640625 0.30602 0.00191583
0 0.765417 0.468663 0.143657 0.458581 0.00191337
0 0.122254 0.84686 0.244508 0.30628 0.0018981
0 0.0889661 0.924947 0.177932 0.150106 0.00189609
0 0.945126 0.377238 0.109749 0.497074 0.00189441
0 0.926162 0.127998 0.147676 0.255997 0.0018918
0 0.0496509 0.910722 0.0993017 0.178557 0.00188986
0 0.286858 0.577405 0.195446 0.52593 0.00188868
0 0.821006 0.556514 0.13231 0.44726 0.00188817
0 0.813973 0.362913 0.259318 0.542689 0.00188795
0 0.822428 0.459276 0.118482 0.390789 0.0018863
0 0.0606517 0.472783 0.121303 0.49782 0.0018853
0 0.939209 0.702654 0.121581 0.534654 0.00188506
0 0.875372 0.803848 0.22422 0.392305 0.00187956
0 0.402638 0.933196 0.22182 0.133607 0.00187011
0 0.0376453 0.094007 0.0752905 0.188014 0.00186046
0 0.850501 0.30519 0.298999 0.610381 0.00185733
0 0.605551 0.341496 0.158726 0.578243 0.00185733
0 0.539326 0.265452 0.0683453 0.340252 0.00185523
0 0.899479 0.809033 0.201041 0.381935 0.00185432
0 0.86899 0.730065 0.209127 0.53987 0.00185085
0 0.786288 0.397967 0.162628 0.483905 0.00184783
0 0.579773 0.332422 0.0866788 0.356193 0.0018454
0 0.620566 0.33781 0.290476 0.675619 0.00184496
0 0.898288 0.138504 0.203424 0.277008 0.00184435
0 0.477857 0.453659 0.291951 0.653911 0.00183024
0 0.76993 0.582587 0.223401 0.495865 0.00182571
0 0.135296 0.711219 0.270593 0.577561 0.00181317
0 0.91431 0.661226 0.17138 0.555511 0.00180994
0 0.867456 0.361287 0.265088 0.570128 0.00180943
0 0.203112 0.640558 0.149266 0.524221 0.00180865
0 0.830199 0.399746 0.170085 0.508099 0.00180642
0 0.202385 0.768655 0.253515 0.462691 0.00180458
0 0.793589 0.68724 0.241996 0.550536 0.00179359
0 0.571572 0.253827 0.100304 0.449409 0.00179351
0 0.971495 0.313433 0.0570108 0.414366 0.00178853
0 0.523985 0.918988 0.25234 0.162024 0.00178648
0 0.135548 0.840044 0.271095 0.319911 0.00178056
0 0.213903 0.719122 0.213166 0.561755 0.0017772
0 0.159207 0.527301 0.318414 0.601148 0.00177521
0 0.862284 0.407082 0.19377 0.529481 0.00177344
0 0.175547 0.120459 0.29893 0.240918 0.00177337
0 0.917824 0.883798 0.164352 0.232403 0.00177117
0 0.594062 0.654801 0.263065 0.65608 0.00176911
0 0.102097 0.672012 0.204194 0.655975 0.00176388
0 0.343616 0.930037 0.211564 0.139926 0.00176132
0 0.32549 0.674244 0.306971 0.651513 0.00175433
0 0.0824586 0.827379 0.164917 0.345241 0.00174995
0 0.786265 0.898102 0.209878 0.203796 0.00174768
0 0.318107 0.522401 0.338908 0.613713 0.001745
0 0.236025 0.142405 0.0373673 0.0579501 0.00174478
0 0.64309 0.488889 0.324362 0.665427 0.00174429
0 0.559187 0.265515 0.157092 0.531031 0.00174354
0 0.0698988 0.38815 0.139798 0.300781 0.00174316
0 0.584951 0.387841 0.0822115 0.322926 0.00174247
0 0.292625 0.68795 0.320867 0.6241 0.00174003
0 0.758525 0.721993 0.349297 0.556014 0.00173495
0 0.877018 0.594996 0.186932 0.575519 0.00173335
0 0.760361 0.362963 0.281404 0.543927 0.00173301
0 0.0349246 0.76136 0.0698493 0.294719 0.00173037
0 0.639136 0.581188 0.394176 0.797922 0.0017272
0 0.960074 0.583993 0.0798528 0.440326 0.00172625
0 0.609635 0.366132 0.129358 0.491524 0.00172561
0 0.0716359 0.743137 0.143272 0.513726 0.00172366
0 0.622579 0.434754 0.199206 0.554128 0.00172332
0 0.496613 0.632391 0.268821 0.63589 0.00172065
0 0.476983 0.517678 0.229616 0.595194 0.00172016
0 0.883361 0.053854 0.233279 0.107708 0.00171995
0 0.0706044 0.335432 0.141209 0.285792 0.00171913
0 0.846026 0.896659 0.205068 0.206682 0.00171785
0 0.80186 0.302656 0.385172 0.605313 0.00171303
0 0.648823 0.337136 0.408697 0.674271 0.0017034
0 0.838713 0.578849 0.132879 0.50757 0.00169862
0 0.401164 0.717661 0.457129 0.564679 0.00169631
0 0.962038 0.422256 0.0759234 0.427894 0.00169263
0 0.270637 0.434327 0.412149 0.71407 0.0016901
0 0.328649 0.58175 0.223827 0.530974 0.00169001
0 0.840363 0.472914 0.114971 0.428106 0.00168923
0 0.583823 0.547168 0.171087 0.484879 0.00168871
0 0.0636731 0.0600907 0.127346 0.120181 0.00168668
0 0.0661007 0.647938 0.132201 0.52538 0.00167859
0 0.507785 0.180065 0.280418 0.36013 0.00167421
0 0.0968833 0.880077 0.193767 0.239846 0.00167275
0 0.739399 0.493145 0.190479 0.499661 0.00167242
0 0.0718595 0.637565 0.143719 0.344162 0.00167231
0 0.839192 0.682351 0.175459 0.532112 0.00167056
0 0.88255 0.899753 0.211592 0.200495 0.00166869
0 0.181422 0.91557 0.237469 0.168859 0.00166797
0 0.0348302 0.826449 0.0696605 0.310029 0.00166733
0 0.691701 0.45697 0.299402 0.581282 0.00166482
0 0.63128 0.897588 0.279791 0.204824 0.00166305
0 0.369835 0.937957 0.227029 0.124086 0.00166252
0 0.431714 0.938178 0.231469 0.123645 0.00166225
0 0.584372 0.50865 0.10558 0.410093 0.00166188
0 0.952305 0.699265 0.0953896 0.444416 0.00166037
0 0.540687 0.189291 0.0845105 0.378582 0.00166003
0 0.143816 0.921214 0.254076 0.157573 0.00165966
0 0.857301 0.137303 0.285398 0.274606 0.0016543
0 0.259063 0.886729 0.223561 0.226542 0.00165399
0 0.680415 0.120685 0.312874 0.24137 0.00165122
0 0.0380707 0.588571 0.0761414 0.29643 0.00165048
0 0.867717 0.512118 0.140341 0.529994 0.00164791
0 0.809692 0.837585 0.206575 0.32483 0.00163862
0 0.0376308 0.535792 0.0752617 0.29842 0.00163777
0 0.0721268 0.700942 0.144254 0.33502 0.00163636
0 0.218219 0.912853 0.214146 0.174295 0.00163259
0 0.623383 0.458324 0.0170991 0.0493965 0.00162979
0 0.442079 0.340388 0.454739 0.680775 0.00162653
0 0.28056 0.920478 0.204613 0.159044 0.0016251
0 0.472113 0.143602 0.326784 0.287205 0.00162506
0 0.061887 0.37506 0.123774 0.482163 0.00162374
0 0.303109 0.801889 0.383955 0.396222 0.00162088
0 0.033387 0.31943 0.066774 0.280194 0.00162025
0 0.733223 0.301586 0.393971 0.603172 0.00161896
0 0.0370002 0.645259 0.0740004 0.290431 0.00161267
0 0.9104 0.399567 0.1792 0.526165 0.00161003
0 0.732976 0.412841 0.240343 0.52331 0.00160781
0 0.0329984 0.264095 0.0659967 0.272216 0.00160696
0 0.0733159 0.767278 0.146632 0.334038 0.00160629
0 0.225701 0.283926 0.427033 0.567851 0.00160215
0 0.744321 0.125154 0.313207 0.250307 0.00159935
0 0.74461 0.574582 0.308289 0.563504 0.00159763
0 0.0339373 0.701557 0.0678746 0.286247 0.00159602
0 0.709369 0.902772 0.244609 0.194457 0.00158995
0 0.174498 0.448791 0.348996 0.682442 0.00158916
0 0.92653 0.921222 0.14694 0.157557 0.00158694
0 0.0369576 0.482346 0.0739153 0.298471 0.00158587
0 0.307909 0.936251 0.227461 0.127498 0.00158403
0 0.0317351 0.143864 0.0634703 0.273987 0.0015802
0 0.923234 0.526127 0.153532 0.545624 0.00157989
0 0.563543 0.898347 0.291503 0.203305 0.00157476
0 0.326613 0.57821 0.149538 0.422288 0.0015594
0 0.55627 0.341635 0.0534955 0.31157 0.00154902
0 0.729333 0.637873 0.385226 0.683513 0.00154684
0 0.47179 0.638686 0.358738 0.722629 0.00154634
0 0.0676652 0.203376 0.13533 0.296357 0.00154419
0 0.163195 0.0498736 0.232065 0.0997473 0.0015426
0 0.621625 0.249681 0.379468 0.499361 0.00153931
0 0.319165 0.0472191 0.234202 0.0944382 0.00153374
0 0.11735 0.938148 0.234701 0.123704 0.00152788
0 0.445544 0.0529982 0.238436 0.105996 0.00152695
0 0.25256 0.659439 0.196892 0.608104 0.00152556
0 0.673642 0.375373 0.394228 0.70252 0.00152215
0 0.184074 0.853915 0.27524 0.292171 0.00152104
0 0.811024 0.127741 0.320083 0.255482 0.00151706
0 0.382373 0.0507449 0.237129 0.10149 0.00151384
0 0.344409 0.127811 0.329744 0.255623 0.00151378
0 0.662115 0.0492985 0.23534 0.0985971 0.00151347
0 0.0354594 0.427396 0.0709188 0.29208 0.00150905
0 0.555928 0.271201 0.0619854 0.346477 0.00150831
0 0.553107 0.579808 0.0627183 0.319421 0.00150502
0 0.424226 0.481331 0.378589 0.671438 0.00150285
0 0.0340179 0.373472 0.0680357 0.286374 0.00150025
0 0.371592 0.29049 0.460631 0.58098 0.00150024
0 0.405177 0.654501 0.309633 0.608604 0.00149932
0 0.0656365 0.144426 0.131273 0.288853 0.00149884
0 0.411229 0.13352 0.337189 0.26704 0.00149857
0 0.22787 0.874812 0.21034 0.250375 0.00149397
0 0.032112 0.20511 0.0642239 0.267028 0.00149218
0 0.0710162 0.531896 0.142032 0.331927 0.00149158
0 0.371937 0.575345 0.262032 0.543563 0.0014913
0 0.0367029 0.878547 0.0734057 0.242906 0.00148861
0 0.246 0.933806 0.222319 0.132387 0.00148851
0 0.553184 0.655698 0.0830972 0.415432 0.00148707
0 0.070342 0.274613 0.140684 0.274633 0.00148186
0 0.777844 0.928451 0.223346 0.143098 0.00147703
0 0.496028 0.93796 0.23911 0.12408 0.00146983
0 0.258907 0.339031 0.447921 0.678062 0.00146924
0 0.296542 0.304048 0.433457 0.608095 0.00146209
0 0.553092 0.540562 0.0536967 0.330642 0.00146193
0 0.395209 0.650476 0.394949 0.699047 0.00146163
0 0.725902 0.0483392 0.23136 0.0966783 0.00145304
0 0.554158 0.430495 0.048753 0.315532 0.00145227
0 0.108282 0.0457067 0.216564 0.0914134 0.00143778
0 0.0742403 0.24986 0.148481 0.49972 0.00143721
0 0.146929 0.140033 0.293857 0.280066 0.00143656
0 0.418941 0.556892 0.315944 0.581035 0.00143379
0 0.231281 0.829753 0.255631 0.340493 0.00142914
0 0.895958 0.929364 0.208085 0.141272 0.00142816
0 0.363548 0.581465 0.174856 0.413696 0.00142454
0 0.225832 0.0474155 0.230388 0.0948311 0.00142267
0 0.841064 0.926626 0.22174 0.146748 0.00142185
0 0.357015 0.427211 0.408857 0.703856 0.00141786
0 0.180636 0.315755 0.361272 0.631509 0.00141589
0 0.820836 0.0504531 0.234631 0.100906 0.00141007
0 0.528165 0.182813 0.156123 0.365626 0.0013963
0 0.509044 0.0533239 0.235409 0.106648 0.00138342
0 0.413294 0.589705 0.248226 0.474789 0.00138289
0 0.236604 0.149317 0.0327823 0.0533463 0.00135637
0 0.600818 0.049847 0.236033 0.099694 0.00135161
0 0.282478 0.122104 0.325355 0.244208 0.00135063
0 0.23013 0.610378 0.170249 0.523144 0.00133852
0 0.553656 0.489551 0.0500599 0.336217 0.00133543
0 0.712506 0.932532 0.230576 0.134935 0.00132219
0 0.554889 0.93853 0.240799 0.12294 0.00131641
0 0.644334 0.93614 0.242175 0.127719 0.00130357
0 0.619097 0.119157 0.312671 0.238314 0.00129578
0 0.551628 0.206234 0.269393 0.412467 0.00129177
0 0.222602 0.107812 0.0541719 0.116366 0.00128422
0 0.625577 0.412385 0.0167263 0.0357869 0.00125805
0 0.543191 0.12877 0.286597 0.25754 0.00100889
