0 0.4785 0.418 0.01125 0.0346667 1
0 0.431375 0.456889 0.0075 0.0186667 1
0 0.711651 0.0440335 0.011004 0.0241574 0.00590312
0 0.297923 0.220293 0.42336 0.385269 0.00485269
0 0.7109 0.0566394 0.0115264 0.0265519 0.00480892
0 0.301082 0.292753 0.478801 0.555572 0.00374455
0 0.326955 0.228583 0.352611 0.270565 0.00373346
0 0.71273 0.0310244 0.0105252 0.0210056 0.00356041
0 0.756677 0.670416 0.486646 0.659167 0.00303671
0 0.285256 0.157521 0.461045 0.315042 0.00300919
0 0.6499 0.670162 0.52519 0.659677 0.00290137
0 0.0393018 0.0619979 0.0786036 0.123996 0.0028396
0 0.806935 0.572805 0.38613 0.669868 0.00263166
0 0.386458 0.282691 0.425167 0.430788 0.00258854
0 0.874831 0.549167 0.250338 0.464184 0.00249566
0 0.710334 0.0715003 0.0117779 0.0241553 0.00249459
0 0.173032 0.688768 0.346064 0.622463 0.00244962
0 0.933808 0.509577 0.132384 0.420105 0.00241228
0 0.324717 0.13814 0.423863 0.276279 0.00240535
0 0.83007 0.588568 0.339861 0.558428 0.00239087
0 0.896144 0.264575 0.167388 0.369432 0.00236222
0 0.864226 0.267237 0.177693 0.35156 0.00235253
0 0.248769 0.687164 0.497539 0.625672 0.00234958
0 0.448622 0.681783 0.525519 0.636433 0.00234709
0 0.77259 0.28452 0.115912 0.305253 0.00232799
0 0.502352 0.368078 0.53638 0.736156 0.00232084
0 0.880916 0.605646 0.238169 0.45097 0.0022879
0 0.637858 0.257085 0.234471 0.415545 0.00228326
0 0.885786 0.387865 0.228427 0.583422 0.00227521
0 0.791534 0.265848 0.164792 0.358979 0.00226683
0 0.663707 0.150686 0.381979 0.301372 0.00224761
0 0.938314 0.924782 0.123372 0.150435 0.00219242
0 0.547588 0.272562 0.392764 0.545124 0.002175
0 0.816865 0.243909 0.196777 0.413787 0.00217204
0 0.939247 0.389702 0.121507 0.495943 0.00217012
0 0.923333 0.0780781 0.153334 0.156156 0.00216326
0 0.696194 0.214266 0.425291 0.428532 0.00215848
0 0.859738 0.222075 0.280525 0.44415 0.00215106
0 0.831914 0.279349 0.191239 0.320162 0.00214657
0 0.831201 0.489244 0.337599 0.557475 0.00214523
0 0.672178 0.304542 0.231129 0.271976 0.0021442
0 0.196544 0.634559 0.393088 0.730882 0.00213333
0 0.739047 0.248993 0.0909957 0.307941 0.00212996
0 0.138905 0.761666 0.27781 0.476669 0.00212544
0 0.938307 0.776501 0.123387 0.446999 0.0021254
0 0.105788 0.922953 0.211575 0.154093 0.00211781
0 0.598955 0.254173 0.0858657 0.304224 0.0021139
0 0.921129 0.278492 0.157743 0.397519 0.00210794
0 0.875926 0.806312 0.248149 0.387376 0.00209762
0 0.345362 0.201998 0.292739 0.226359 0.00208753
0 0.626536 0.31116 0.446159 0.579616 0.00207987
0 0.50459 0.306619 0.417121 0.613239 0.00207932
0 0.938504 0.0984457 0.122992 0.196891 0.00207439
0 0.222101 0.315924 0.409314 0.631847 0.00206744
0 0.710808 0.0857652 0.0124362 0.0191294 0.00205741
0 0.0649932 0.0655438 0.129986 0.131088 0.00205224
0 0.567915 0.860982 0.40505 0.278036 0.00204998
0 0.300473 0.36813 0.434793 0.736261 0.00204936
0 0.765353 0.825977 0.469294 0.348046 0.00204547
0 0.34398 0.15716 0.298167 0.31432 0.00203271
0 0.305289 0.903409 0.34241 0.193181 0.00203267
0 0.294242 0.618046 0.556036 0.694313 0.00203075
0 0.380618 0.320963 0.518368 0.641927 0.0020271
0 0.761102 0.235443 0.364385 0.470886 0.00202577
0 0.654463 0.293833 0.140683 0.18721 0.00202474
0 0.782607 0.915391 0.30165 0.169217 0.0020169
0 0.684563 0.297908 0.127392 0.287375 0.00200936
0 0.823038 0.794216 0.353924 0.411569 0.00200295
0 0.766078 0.393239 0.288069 0.443336 0.00199766
0 0.626636 0.284156 0.108171 0.195062 0.00198875
0 0.908984 0.195649 0.182033 0.391297 0.00198292
0 0.67867 0.261014 0.152623 0.332521 0.00198085
0 0.468282 0.844397 0.404618 0.311206 0.00196746
0 0.776892 0.324897 0.13455 0.22622 0.00195043
0 0.537216 0.232157 0.347219 0.464315 0.00194934
0 0.882336 0.0633936 0.235328 0.126787 0.00194546
0 0.925183 0.158046 0.149633 0.316092 0.00194163
0 0.811871 0.429948 0.255878 0.390394 0.00193992
0 0.74554 0.226415 0.183487 0.45283 0.00190891
0 0.350723 0.681364 0.547349 0.637271 0.00190273
0 0.671676 0.354657 0.392539 0.502193 0.0018876
0 0.127212 0.836302 0.254424 0.327396 0.00188614
0 0.737175 0.595955 0.525651 0.764492 0.00188396
0 0.159692 0.756767 0.319384 0.486466 0.00188089
0 0.785772 0.443056 0.428456 0.756981 0.00187946
0 0.215746 0.817422 0.431491 0.365156 0.00187538
0 0.242558 0.912741 0.328878 0.174519 0.0018723
0 0.465105 0.449167 0.568071 0.822871 0.00187023
0 0.0385941 0.0972383 0.0771883 0.194477 0.00186708
0 0.855 0.412344 0.29 0.583109 0.00186507
0 0.680949 0.928383 0.247518 0.143234 0.0018617
0 0.720446 0.362006 0.235542 0.369353 0.00185804
0 0.785911 0.24414 0.171403 0.488281 0.00185567
0 0.747347 0.332238 0.118576 0.234802 0.00185556
0 0.295903 0.938415 0.266883 0.123169 0.00185145
0 0.487984 0.891742 0.325031 0.216517 0.00183999
0 0.696744 0.326309 0.133077 0.257 0.00183649
0 0.645706 0.837827 0.463999 0.324346 0.00183406
0 0.938439 0.578263 0.123123 0.448004 0.00183165
0 0.0534922 0.926948 0.106984 0.146103 0.001827
0 0.565585 0.215074 0.135833 0.430148 0.00181661
0 0.596727 0.391999 0.532496 0.783999 0.00181585
0 0.646207 0.522779 0.54793 0.766434 0.00180448
0 0.649313 0.250081 0.137787 0.23744 0.00180392
0 0.671892 0.380556 0.463881 0.650353 0.00180379
0 0.644609 0.129446 0.225909 0.239093 0.00180122
0 0.325576 0.820846 0.473533 0.358309 0.00180014
0 0.800282 0.93941 0.247912 0.121181 0.00179938
0 0.424794 0.602603 0.561649 0.774474 0.00179869
0 0.824468 0.841023 0.351064 0.317954 0.00179636
0 0.348173 0.0528383 0.242324 0.105677 0.00178898
0 0.176596 0.27887 0.331299 0.55774 0.00178541
0 0.940899 0.881029 0.118202 0.237943 0.00177264
0 0.0895711 0.938775 0.179142 0.12245 0.00177112
0 0.230335 0.939308 0.264111 0.121385 0.00177001
0 0.355645 0.0995228 0.33116 0.199046 0.00176936
0 0.746067 0.309032 0.092041 0.240078 0.00176731
0 0.84784 0.237353 0.199047 0.438578 0.00176523
0 0.708986 0.720041 0.506216 0.559917 0.00176018
0 0.150979 0.925247 0.301957 0.149506 0.0017538
0 0.0957589 0.282469 0.191518 0.47901 0.00174262
0 0.214984 0.74036 0.429967 0.51928 0.00174174
0 0.721577 0.923577 0.30282 0.152846 0.00173633
0 0.964441 0.382432 0.0711179 0.456413 0.00173416
0 0.365568 0.534753 0.56092 0.777525 0.00173147
0 0.819847 0.247245 0.2456 0.494491 0.00173109
0 0.0972454 0.837682 0.194491 0.324637 0.00172919
0 0.625316 0.925205 0.215328 0.14959 0.00172603
0 0.547168 0.907918 0.273301 0.184164 0.00171639
0 0.356189 0.93844 0.25969 0.12312 0.00171372
0 0.965547 0.530138 0.0689055 0.39816 0.00171236
0 0.6225 0.234545 0.11091 0.214503 0.00169608
0 0.499152 0.241097 0.383775 0.482194 0.00169579
0 0.601753 0.168995 0.21055 0.33799 0.00168646
0 0.560485 0.507424 0.552073 0.816178 0.00168417
0 0.0677447 0.307412 0.135489 0.408321 0.00168237
0 0.11241 0.865424 0.22482 0.269152 0.00167284
0 0.0301116 0.830613 0.0602231 0.293442 0.00167282
0 0.902783 0.917653 0.194434 0.164694 0.00167274
0 0.027699 0.538312 0.055398 0.274571 0.0016677
0 0.96556 0.681055 0.0688806 0.489916 0.00166347
0 0.82107 0.0522231 0.242114 0.104446 0.00165263
0 0.603249 0.244045 0.383377 0.488089 0.00164631
0 0.514984 0.93807 0.253836 0.12386 0.00164425
0 0.875739 0.161774 0.248523 0.323548 0.00164356
0 0.404614 0.831334 0.486561 0.337331 0.00164031
0 0.937112 0.200397 0.125776 0.400794 0.00163983
0 0.971182 0.619108 0.0576353 0.498988 0.00163654
0 0.950179 0.330402 0.0996425 0.464008 0.00162683
0 0.257216 0.522879 0.514432 0.763292 0.00161474
0 0.882632 0.235017 0.214324 0.450722 0.00161366
0 0.0306373 0.477004 0.0612747 0.275899 0.00160859
0 0.716721 0.116733 0.32129 0.233465 0.00160408
0 0.490843 0.13205 0.301114 0.264101 0.00160016
0 0.0741585 0.217419 0.148317 0.410414 0.00159704
0 0.288927 0.0480553 0.241053 0.0961107 0.00159403
0 0.922368 0.901473 0.155264 0.197054 0.00158881
0 0.0266666 0.765976 0.0533333 0.266132 0.00158785
0 0.0257533 0.596802 0.0515066 0.264827 0.00158733
0 0.382063 0.180734 0.323997 0.361468 0.00158364
0 0.0601694 0.604259 0.120339 0.274613 0.00158116
0 0.971461 0.500318 0.0570783 0.504192 0.00158082
0 0.13155 0.283862 0.236406 0.567723 0.00157654
0 0.562255 0.190454 0.107192 0.380908 0.00157531
0 0.5721 0.613292 0.538603 0.773415 0.001574
0 0.860488 0.922779 0.279024 0.154442 0.00157249
0 0.134985 0.939667 0.261086 0.120667 0.00156908
0 0.665622 0.0480751 0.234243 0.0961502 0.00155483
0 0.0337811 0.415113 0.0675623 0.269265 0.00155188
0 0.177795 0.541301 0.35559 0.825021 0.0015495
0 0.212893 0.320804 0.425785 0.517026 0.00154383
0 0.506806 0.0475263 0.235609 0.0950527 0.00154325
0 0.0409796 0.148102 0.0819593 0.296203 0.00153945
0 0.390404 0.908835 0.316357 0.182331 0.00153764
0 0.443955 0.0465076 0.233669 0.0930153 0.00153757
0 0.100679 0.659036 0.201358 0.524984 0.00153614
0 0.937843 0.271214 0.124313 0.509369 0.0015198
0 0.0620762 0.439472 0.124152 0.265998 0.00151052
0 0.0568309 0.532854 0.113662 0.27971 0.00150659
0 0.891313 0.684977 0.217374 0.47106 0.00150428
0 0.725239 0.0509042 0.241485 0.101808 0.00150343
0 0.0244095 0.65276 0.0488189 0.256193 0.00149966
0 0.706293 0.938966 0.246108 0.122067 0.00149726
0 0.035529 0.878069 0.0710579 0.243863 0.00149709
0 0.0692527 0.378591 0.138505 0.323299 0.00149665
0 0.188812 0.326948 0.377624 0.383748 0.00149344
0 0.375134 0.221984 0.278871 0.252374 0.00149261
0 0.0402634 0.314466 0.0805269 0.301407 0.00149164
0 0.173712 0.496703 0.3361 0.478606 0.00149094
0 0.069308 0.664693 0.138616 0.28011 0.00148969
0 0.192552 0.468636 0.385103 0.628739 0.001484
0 0.574805 0.934281 0.251075 0.131438 0.0014787
0 0.495289 0.737153 0.445976 0.525694 0.00147587
0 0.0437848 0.202809 0.0875697 0.298959 0.00146723
0 0.0360976 0.36681 0.0721952 0.285339 0.00146662
0 0.817713 0.164158 0.328235 0.328316 0.00145817
0 0.0436174 0.258695 0.0872348 0.301464 0.00145352
0 0.0611411 0.60551 0.122282 0.399027 0.00144927
0 0.083694 0.78573 0.167388 0.299667 0.00144652
0 0.0233815 0.707593 0.0467631 0.255648 0.00143988
0 0.0929061 0.89526 0.185812 0.209479 0.00143838
0 0.192517 0.0438666 0.236311 0.0877332 0.00143445
0 0.709488 0.0853752 0.0126811 0.0224683 0.00143219
0 0.601263 0.0446049 0.235569 0.0892099 0.00142526
0 0.654411 0.122886 0.321614 0.245772 0.00141064
0 0.0753323 0.724431 0.150665 0.277774 0.00140878
0 0.0752992 0.14718 0.150598 0.294361 0.00137214
0 0.881751 0.939381 0.236497 0.121237 0.00136782
0 0.249008 0.347044 0.498017 0.634388 0.00136354
0 0.129171 0.04836 0.241176 0.0967199 0.00135835
0 0.709923 0.0987411 0.0128687 0.0195774 0.00135583
0 0.160049 0.334716 0.256842 0.349101 0.00134592
0 0.103816 0.320745 0.174519 0.38334 0.00134442
0 0.551808 0.143821 0.298023 0.287642 0.00134183
0 0.558888 0.233168 0.268383 0.466336 0.00133826
0 0.25505 0.135973 0.33321 0.271946 0.00129798
0 0.452399 0.938545 0.254622 0.12291 0.00129725
0 0.494763 0.197665 0.320338 0.395331 0.00129173
0 0.142218 0.233881 0.284435 0.467763 0.00127199
0 0.414631 0.115064 0.307948 0.230128 0.00125764
0 0.270992 0.418946 0.0151038 0.021953 0.00124654
0 0.0947557 0.0541961 0.189511 0.108392 0.00124646
0 0.598348 0.133421 0.319696 0.266843 0.00124551
0 0.182436 0.14773 0.315471 0.295459 0.0012163
0 0.277928 0.407413 0.0131061 0.0187773 0.00109593
0 0.134545 0.159468 0.26909 0.318935 0.00101389
