0 0.63075 0.608667 0.0167499 0.0355555 1
0 0.876846 0.180898 0.246308 0.361797 0.00416459
0 0.922578 0.163824 0.154845 0.327647 0.00348656
0 0.302083 0.490672 0.0136037 0.0229514 0.00347293
0 0.311821 0.671218 0.538059 0.657563 0.00334926
0 0.547664 0.194581 0.443571 0.389162 0.00284275
0 0.838549 0.122644 0.322903 0.245288 0.00278217
0 0.885012 0.373367 0.229976 0.605086 0.0027433
0 0.841769 0.253456 0.316462 0.506911 0.0026593
0 0.301456 0.473361 0.0129961 0.0254829 0.00263139
0 0.631668 0.0938447 0.371734 0.187689 0.00262187
0 0.912886 0.221993 0.174227 0.443986 0.0025898
0 0.176651 0.687768 0.353302 0.624464 0.00258897
0 0.828588 0.410933 0.342825 0.741959 0.00255348
0 0.934804 0.345459 0.130393 0.476669 0.00252703
0 0.860256 0.443248 0.279488 0.609848 0.00250515
0 0.489934 0.217165 0.393026 0.43433 0.00247304
0 0.777561 0.822114 0.254878 0.355771 0.00244017
0 0.942658 0.607129 0.114685 0.478259 0.00243682
0 0.498805 0.678378 0.486353 0.643243 0.00243245
0 0.353638 0.205193 0.408514 0.410385 0.00242656
0 0.187801 0.225262 0.375603 0.450524 0.00242375
0 0.788278 0.159861 0.389089 0.319722 0.00241746
0 0.186068 0.377111 0.372136 0.754222 0.00240936
0 0.0386761 0.062418 0.0773523 0.124836 0.00238182
0 0.623092 0.717466 0.438664 0.565068 0.00237365
0 0.726917 0.805833 0.333887 0.388333 0.00236281
0 0.87773 0.808896 0.24454 0.382208 0.00235249
0 0.837485 0.818201 0.234565 0.363597 0.00234279
0 0.925602 0.789606 0.148796 0.420788 0.00233773
0 0.79408 0.348485 0.411841 0.693943 0.00232001
0 0.930792 0.250149 0.138416 0.464527 0.00231676
0 0.222747 0.169808 0.405776 0.339616 0.00228848
0 0.689341 0.0739145 0.303694 0.147829 0.00228483
0 0.814041 0.276498 0.371918 0.552997 0.00228134
0 0.264323 0.743781 0.50827 0.512438 0.00227621
0 0.400655 0.837953 0.448091 0.324093 0.00221172
0 0.890711 0.135048 0.218579 0.270097 0.00220731
0 0.941514 0.732073 0.116972 0.535854 0.00219721
0 0.943281 0.531139 0.113438 0.385751 0.00219705
0 0.302502 0.502894 0.0141495 0.0201253 0.00216622
0 0.284822 0.181123 0.417774 0.362245 0.00215008
0 0.973755 0.582073 0.0524907 0.383026 0.00214888
0 0.764972 0.421317 0.470057 0.842633 0.00214673
0 0.961922 0.149735 0.076155 0.29947 0.00213352
0 0.918409 0.0642775 0.163182 0.128555 0.00211151
0 0.320967 0.825911 0.465051 0.348179 0.00210434
0 0.939727 0.915693 0.120546 0.168615 0.00210372
0 0.166327 0.751684 0.332655 0.496633 0.00208576
0 0.775055 0.105199 0.350399 0.210399 0.00208264
0 0.108097 0.862013 0.216193 0.275975 0.00207419
0 0.941446 0.445421 0.117108 0.423994 0.00204539
0 0.547671 0.75765 0.398912 0.464655 0.00204348
0 0.954904 0.770288 0.090191 0.439146 0.00203662
0 0.145453 0.777761 0.290907 0.444478 0.00203641
0 0.358294 0.414121 0.52255 0.828242 0.00203133
0 0.750292 0.843373 0.240868 0.313255 0.00202629
0 0.0359458 0.125042 0.0718917 0.250083 0.00201973
0 0.79815 0.231414 0.403699 0.462828 0.00201718
0 0.395538 0.623781 0.541563 0.752438 0.00201341
0 0.460664 0.596663 0.492786 0.758797 0.00200747
0 0.424445 0.919928 0.301874 0.160144 0.00198677
0 0.618049 0.782399 0.358424 0.435203 0.0019785
0 0.329471 0.885498 0.345963 0.229003 0.0019554
0 0.938603 0.0753473 0.122794 0.150695 0.00195538
0 0.880505 0.565524 0.23899 0.430261 0.00195458
0 0.71023 0.384901 0.48581 0.769801 0.00195328
0 0.385836 0.900084 0.325379 0.199832 0.00194728
0 0.527267 0.421172 0.475735 0.842344 0.00194058
0 0.764535 0.289622 0.47093 0.579244 0.00194046
0 0.849397 0.508159 0.301206 0.323872 0.00193969
0 0.085527 0.919392 0.171054 0.161216 0.00192983
0 0.529541 0.93168 0.231112 0.136639 0.00192576
0 0.806431 0.839844 0.218524 0.320313 0.00192512
0 0.615595 0.373062 0.478034 0.746123 0.00192216
0 0.836043 0.481056 0.327914 0.168837 0.00192183
0 0.485916 0.930882 0.255541 0.138235 0.0019139
0 0.883319 0.0559803 0.233362 0.111961 0.00190587
0 0.671346 0.826722 0.364426 0.346556 0.00189603
0 0.603189 0.850338 0.35359 0.299324 0.00188538
0 0.865337 0.777869 0.269327 0.444262 0.00188434
0 0.665848 0.856158 0.270659 0.287683 0.00188096
0 0.660009 0.406026 0.445158 0.812052 0.00187876
0 0.300419 0.459863 0.013031 0.0187816 0.0018786
0 0.244386 0.825477 0.488772 0.349046 0.00187441
0 0.894758 0.823551 0.210483 0.352897 0.00186491
0 0.318032 0.354758 0.540424 0.709515 0.00185866
0 0.339658 0.556831 0.505587 0.867108 0.00185443
0 0.502668 0.632077 0.37719 0.508609 0.00185292
0 0.876572 0.659498 0.246855 0.56925 0.00184301
0 0.409524 0.372278 0.534635 0.744557 0.00183696
0 0.495084 0.848117 0.439855 0.303766 0.0018318
0 0.176814 0.532465 0.353629 0.829391 0.00182836
0 0.968867 0.486047 0.0622657 0.34103 0.00182596
0 0.794935 0.449046 0.357529 0.268389 0.00182527
0 0.971709 0.709205 0.056582 0.403282 0.00182172
0 0.654164 0.77931 0.381724 0.44138 0.00181866
0 0.71756 0.856175 0.222117 0.287649 0.00181143
0 0.800762 0.766857 0.375862 0.466286 0.00181107
0 0.746183 0.0737562 0.33279 0.147512 0.0018097
0 0.244812 0.340669 0.489624 0.681339 0.00180839
0 0.20142 0.852256 0.40284 0.295488 0.0018056
0 0.476044 0.270145 0.51309 0.54029 0.00180548
0 0.842521 0.0903699 0.314959 0.18074 0.00180347
0 0.970499 0.304161 0.0590029 0.419106 0.00180295
0 0.0497381 0.905849 0.0994761 0.188302 0.00179115
0 0.126173 0.918487 0.207346 0.163025 0.00178591
0 0.979331 0.635427 0.0413389 0.443332 0.00177934
0 0.734949 0.316959 0.489348 0.633918 0.00177809
0 0.440903 0.48367 0.502632 0.714485 0.0017768
0 0.754997 0.902928 0.20898 0.194145 0.00176997
0 0.436097 0.710907 0.507086 0.578187 0.00176238
0 0.0799942 0.846075 0.159988 0.307849 0.001761
0 0.565257 0.729384 0.472376 0.541231 0.00175839
0 0.232722 0.428183 0.465444 0.856367 0.00175145
0 0.46884 0.54977 0.0169017 0.0268483 0.0017511
0 0.966742 0.41559 0.0665166 0.375486 0.00174442
0 0.782635 0.485189 0.42554 0.627229 0.00172943
0 0.78713 0.0534225 0.245299 0.106845 0.0017255
0 0.915445 0.890424 0.169109 0.219153 0.00172451
0 0.575059 0.680405 0.163451 0.23935 0.00171707
0 0.538485 0.324911 0.505182 0.649822 0.00171533
0 0.736835 0.743978 0.405563 0.512045 0.00171276
0 0.967728 0.181038 0.0645438 0.362076 0.00171232
0 0.599194 0.460747 0.423097 0.787366 0.00170991
0 0.176416 0.618357 0.352831 0.763287 0.00170888
0 0.225044 0.25341 0.450089 0.506821 0.00170783
0 0.693929 0.913829 0.208266 0.172343 0.0017078
0 0.60516 0.683529 0.159341 0.236629 0.0017012
0 0.06233 0.0658264 0.12466 0.131653 0.00170102
0 0.846749 0.902465 0.211065 0.195071 0.00169736
0 0.655983 0.60917 0.176684 0.115324 0.00169393
0 0.619685 0.922648 0.234924 0.154703 0.00169288
0 0.840279 0.849988 0.214979 0.300025 0.0016922
0 0.383893 0.938549 0.262183 0.122902 0.00168822
0 0.941805 0.863914 0.11639 0.272172 0.00167651
0 0.976397 0.523569 0.0472055 0.441467 0.00167632
0 0.658242 0.918104 0.218665 0.163791 0.00167301
0 0.349061 0.278922 0.525226 0.557844 0.00166744
0 0.87829 0.741032 0.24342 0.517935 0.00166665
0 0.551206 0.633684 0.390822 0.682314 0.0016618
0 0.605872 0.247584 0.471872 0.495167 0.00166109
0 0.276866 0.61361 0.496819 0.77278 0.00166024
0 0.026905 0.539609 0.0538101 0.264061 0.00165837
0 0.615856 0.61074 0.116125 0.107715 0.00165638
0 0.655215 0.722506 0.240618 0.328755 0.00165603
0 0.701964 0.484287 0.438022 0.833792 0.00165287
0 0.941002 0.135466 0.117996 0.270932 0.00165088
0 0.146148 0.680898 0.292296 0.638203 0.00164618
0 0.512635 0.523922 0.436385 0.806 0.00164208
0 0.843879 0.676373 0.312243 0.647253 0.00164168
0 0.84719 0.668923 0.305619 0.473447 0.00164148
0 0.186127 0.927522 0.215359 0.144957 0.00164096
0 0.0378155 0.203463 0.075631 0.303617 0.00163607
0 0.0301547 0.480861 0.0603093 0.272876 0.0016308
0 0.0364769 0.318892 0.0729539 0.303879 0.00162462
0 0.697626 0.771811 0.320571 0.44784 0.00162171
0 0.0312014 0.769453 0.0624028 0.272876 0.00162048
0 0.725736 0.0523021 0.243022 0.104604 0.00161884
0 0.231062 0.656285 0.462124 0.68743 0.00161822
0 0.038465 0.261389 0.07693 0.310659 0.00161243
0 0.255952 0.907465 0.303338 0.18507 0.00160788
0 0.037408 0.827697 0.0748161 0.298244 0.00160728
0 0.0349739 0.369652 0.0699478 0.285066 0.0016016
0 0.0253641 0.595961 0.0507281 0.25587 0.00159399
0 0.0337616 0.420793 0.0675232 0.275357 0.00159047
0 0.587241 0.937707 0.231623 0.124586 0.00158603
0 0.451133 0.93712 0.24915 0.125759 0.00157753
0 0.0728669 0.931926 0.145734 0.136147 0.00157752
0 0.709459 0.646929 0.302858 0.237942 0.00157523
0 0.569718 0.0488659 0.236566 0.0977319 0.00157517
0 0.564501 0.120696 0.340646 0.241393 0.0015698
0 0.33121 0.939283 0.256634 0.121435 0.00156524
0 0.0849963 0.794977 0.169993 0.309138 0.00155893
0 0.926167 0.924936 0.147666 0.150128 0.00154834
0 0.735848 0.579085 0.444919 0.80367 0.00153621
0 0.633815 0.281786 0.492043 0.563572 0.00153574
0 0.977288 0.232866 0.0454231 0.465732 0.00153272
0 0.795288 0.648013 0.34681 0.437465 0.00153239
0 0.0248573 0.654451 0.0497146 0.253009 0.00153207
0 0.746968 0.928748 0.224128 0.142505 0.00153018
0 0.818763 0.724303 0.362474 0.551394 0.00152896
0 0.0257412 0.712748 0.0514823 0.257176 0.00151597
0 0.0889277 0.727636 0.177855 0.284182 0.00150818
0 0.0838858 0.664226 0.167772 0.270875 0.00150279
0 0.193882 0.0510849 0.238459 0.10217 0.00149783
0 0.641803 0.591143 0.404508 0.709829 0.00149559
0 0.727857 0.247737 0.426319 0.495473 0.0014919
0 0.506746 0.0474567 0.237795 0.0949135 0.00148794
0 0.0746715 0.603767 0.149343 0.269544 0.00148483
0 0.572131 0.609012 0.154723 0.165497 0.0014791
0 0.131192 0.0499981 0.240058 0.0999962 0.00147094
0 0.809701 0.92787 0.222998 0.144261 0.00147048
0 0.285606 0.472056 0.491973 0.889882 0.00147008
0 0.622187 0.0640736 0.314383 0.128147 0.00146557
0 0.737454 0.720251 0.353209 0.451685 0.00146466
0 0.583498 0.650462 0.288192 0.411099 0.00145999
0 0.893995 0.932661 0.212011 0.134677 0.00144986
0 0.0916264 0.557302 0.183253 0.508269 0.00144205
0 0.635391 0.0521402 0.230954 0.10428 0.00143957
0 0.271569 0.939138 0.245584 0.121724 0.00143286
0 0.0397792 0.87369 0.0795585 0.25262 0.0014243
0 0.257762 0.0515294 0.23661 0.103059 0.00142195
0 0.319152 0.0512824 0.238861 0.102565 0.00141806
0 0.213397 0.937507 0.23483 0.124985 0.00141613
0 0.382873 0.0499141 0.2355 0.0998282 0.00140366
0 0.444979 0.0478113 0.236183 0.0956226 0.0013904
0 0.218123 0.125718 0.321898 0.251437 0.00138761
0 0.479316 0.534071 0.0150298 0.0246323 0.00138713
0 0.152664 0.934545 0.226118 0.13091 0.00138659
0 0.475907 0.544968 0.0213014 0.0272155 0.00137789
0 0.672574 0.679465 0.349102 0.491584 0.00137463
0 0.627599 0.597856 0.0281316 0.0464539 0.00136466
0 0.0692677 0.538782 0.138535 0.283459 0.00135376
0 0.158796 0.132884 0.317592 0.265767 0.00135043
0 0.042446 0.184418 0.084892 0.368837 0.00134625
0 0.503758 0.134963 0.330664 0.269925 0.00133359
0 0.371694 0.137086 0.313761 0.274172 0.00132802
0 0.472582 0.543815 0.016292 0.0375701 0.00132274
0 0.739352 0.658173 0.401356 0.584869 0.00131933
0 0.0517928 0.297034 0.103586 0.362795 0.00129489
0 0.282167 0.129656 0.32261 0.259311 0.00128846
0 0.153184 0.399628 0.306368 0.799257 0.00128704
0 0.438444 0.138099 0.320223 0.276199 0.00127838
0 0.0582314 0.352915 0.116463 0.332462 0.00127418
0 0.0645887 0.12642 0.129177 0.252841 0.00127315
0 0.0945205 0.0516411 0.189041 0.103282 0.00126305
0 0.0653317 0.465937 0.130663 0.295197 0.00125622
0 0.0618447 0.405195 0.123689 0.305087 0.00123177
0 0.468552 0.559925 0.0169107 0.0277096 0.00122273
0 0.302922 0.51499 0.0145459 0.0185273 0.0011747
0 0.0437937 0.263792 0.0875873 0.527584 0.00114971
0 0.0538559 0.471088 0.107712 0.51316 0.00114326
0 0.626093 0.608426 0.0337393 0.0552887 0.00113975
0 0.0676478 0.214137 0.135296 0.428274 0.00108035
0 0.378638 0.0616483 0.0143784 0.0204745 0.00107526
0 0.0492199 0.391973 0.0984398 0.463179 0.00102202
