0 0.49775 0.425778 0.0192499 0.0293333 1
0 0.847536 0.204622 0.304929 0.409245 0.0958416
0 0.849664 0.149461 0.300673 0.298921 0.0235888
0 0.594616 0.793325 0.349058 0.413349 0.0183602
0 0.565697 0.731583 0.428168 0.536834 0.0109031
0 0.835439 0.316427 0.329122 0.632854 0.00710487
0 0.501199 0.421602 0.0215113 0.0295353 0.00536527
0 0.593954 0.674057 0.416517 0.651885 0.00533534
0 0.822908 0.452947 0.354183 0.829075 0.00531687
0 0.497325 0.414578 0.0264728 0.0443203 0.00527808
0 0.836657 0.128328 0.245672 0.256656 0.00432185
0 0.785885 0.752954 0.380281 0.494092 0.00409887
0 0.607578 0.747523 0.267822 0.504954 0.00355325
0 0.50575 0.246093 0.407707 0.492186 0.00350787
0 0.489981 0.617987 0.336043 0.64913 0.00346934
0 0.748992 0.779111 0.397152 0.441779 0.00318532
0 0.470345 0.462902 0.276531 0.532944 0.00316761
0 0.476531 0.358761 0.187179 0.315717 0.0031667
0 0.839201 0.370409 0.321599 0.483162 0.00315775
0 0.730225 0.839118 0.383309 0.321763 0.00306158
0 0.487694 0.621587 0.396955 0.756826 0.00303034
0 0.420776 0.233952 0.387062 0.467904 0.00285825
0 0.327142 0.234164 0.373084 0.468328 0.00275095
0 0.524931 0.69465 0.441969 0.610699 0.00271071
0 0.655731 0.480301 0.264617 0.649312 0.00268026
0 0.480485 0.409177 0.337261 0.658333 0.00266867
0 0.655229 0.449745 0.352505 0.741362 0.00265269
0 0.826522 0.789397 0.346956 0.421205 0.00262669
0 0.784668 0.126756 0.242223 0.253513 0.00258818
0 0.473541 0.527726 0.342036 0.663617 0.0025881
0 0.0394316 0.0591801 0.0788632 0.11836 0.00258731
0 0.683131 0.135509 0.420115 0.271017 0.0025745
0 0.762151 0.909759 0.271812 0.180482 0.00254786
0 0.625365 0.557301 0.413649 0.824152 0.00252648
0 0.263904 0.220573 0.366181 0.441145 0.00245087
0 0.674339 0.500964 0.150285 0.489133 0.0024413
0 0.574773 0.194021 0.368964 0.388041 0.00243974
0 0.869134 0.799777 0.261732 0.400447 0.00243126
0 0.926604 0.790996 0.146792 0.418008 0.00238528
0 0.638918 0.816366 0.221182 0.367269 0.00238261
0 0.649884 0.378958 0.428834 0.757916 0.00236291
0 0.203006 0.214694 0.366641 0.429387 0.00235405
0 0.466825 0.752275 0.405561 0.495451 0.00233916
0 0.942497 0.498408 0.115006 0.561619 0.00231485
0 0.485161 0.594805 0.0243945 0.0343797 0.0023092
0 0.712396 0.415932 0.0943751 0.370056 0.00227207
0 0.705792 0.472896 0.0863918 0.365653 0.00222633
0 0.48321 0.310331 0.426544 0.620663 0.00222314
0 0.71101 0.376892 0.115044 0.404327 0.00219679
0 0.672514 0.343942 0.227187 0.508201 0.00218964
0 0.392717 0.801314 0.322447 0.397372 0.00216509
0 0.654529 0.310399 0.487399 0.620799 0.00216006
0 0.165035 0.241114 0.33007 0.482228 0.00215195
0 0.94266 0.664687 0.11468 0.557329 0.00213782
0 0.921626 0.063728 0.156749 0.127456 0.00212568
0 0.515511 0.372846 0.161519 0.260904 0.00212173
0 0.683324 0.541163 0.108829 0.404515 0.00208818
0 0.93995 0.758713 0.120099 0.482574 0.00207942
0 0.939738 0.912176 0.120524 0.175648 0.0020726
0 0.705714 0.905191 0.271288 0.189617 0.00206826
0 0.422413 0.59278 0.42731 0.81444 0.00206345
0 0.333168 0.807435 0.237619 0.385129 0.00205309
0 0.811206 0.571187 0.377588 0.791899 0.00203074
0 0.930018 0.164803 0.139965 0.329605 0.00202649
0 0.54691 0.354766 0.258878 0.350021 0.00202468
0 0.671567 0.217564 0.445901 0.435127 0.00202401
0 0.97259 0.518049 0.0548192 0.416716 0.00201896
0 0.805664 0.705715 0.388673 0.588569 0.00201675
0 0.0625791 0.348466 0.125158 0.404825 0.00201553
0 0.0997387 0.894597 0.199477 0.210807 0.002008
0 0.108583 0.457508 0.217167 0.56483 0.002007
0 0.555105 0.832438 0.409717 0.335123 0.00199186
0 0.967409 0.705513 0.0651829 0.426697 0.00198038
0 0.679101 0.21409 0.255768 0.398754 0.00197274
0 0.492721 0.783369 0.38809 0.433263 0.00196671
0 0.9622 0.14522 0.0756 0.29044 0.00195706
0 0.420563 0.836815 0.297611 0.326369 0.00195344
0 0.971701 0.640479 0.0565985 0.40905 0.00195323
0 0.771995 0.93573 0.240225 0.128541 0.00195299
0 0.550855 0.919355 0.271138 0.161289 0.00194934
0 0.675638 0.613406 0.12064 0.415677 0.00194878
0 0.848776 0.0574718 0.255461 0.114944 0.00194451
0 0.099356 0.840008 0.198712 0.319983 0.00194152
0 0.547777 0.535363 0.414829 0.768249 0.00192439
0 0.165673 0.571786 0.190291 0.518166 0.00192009
0 0.135171 0.521706 0.209036 0.534719 0.001911
0 0.430941 0.870481 0.217688 0.259038 0.00190034
0 0.142316 0.407839 0.284632 0.600945 0.00189458
0 0.482435 0.84905 0.368091 0.3019 0.00188539
0 0.185358 0.810244 0.207167 0.379512 0.00188122
0 0.29046 0.802265 0.198238 0.39547 0.001875
0 0.0727424 0.922359 0.145485 0.155281 0.00187281
0 0.740875 0.301642 0.0890458 0.203006 0.00187198
0 0.371432 0.840208 0.243436 0.319585 0.00186356
0 0.0483665 0.898383 0.096733 0.203233 0.00186344
0 0.478667 0.316351 0.236762 0.457584 0.00186008
0 0.912223 0.838052 0.175554 0.323896 0.00185594
0 0.152354 0.47724 0.264459 0.550756 0.00184386
0 0.518902 0.343655 0.134877 0.247324 0.00184088
0 0.352518 0.767752 0.305518 0.464495 0.00183085
0 0.401862 0.742398 0.379871 0.515204 0.00182642
0 0.0506528 0.923336 0.101306 0.153327 0.00181775
0 0.645544 0.834575 0.290616 0.33085 0.00181671
0 0.968388 0.407232 0.0632244 0.424473 0.00181457
0 0.120277 0.806466 0.225268 0.387068 0.00181351
0 0.503314 0.118519 0.334112 0.237039 0.00181023
0 0.91595 0.890337 0.168099 0.219326 0.00181013
0 0.793851 0.844643 0.335778 0.310714 0.00180672
0 0.0334481 0.117678 0.0668962 0.235356 0.00180498
0 0.0727001 0.404182 0.1454 0.388115 0.00179326
0 0.192846 0.617876 0.184082 0.514241 0.0017895
0 0.188901 0.896187 0.206757 0.207626 0.0017878
0 0.225717 0.634008 0.200661 0.524332 0.0017756
0 0.3314 0.836582 0.210127 0.326837 0.00177458
0 0.734353 0.339317 0.0838776 0.223826 0.00176279
0 0.585317 0.938097 0.248844 0.123806 0.0017596
0 0.696955 0.534537 0.0796675 0.337644 0.0017586
0 0.0650234 0.0618747 0.130047 0.123749 0.00175618
0 0.862274 0.60045 0.275452 0.74779 0.00175448
0 0.365425 0.872169 0.194253 0.255661 0.00175377
0 0.594086 0.898652 0.304575 0.202697 0.00175135
0 0.499301 0.923526 0.226888 0.152949 0.0017512
0 0.861893 0.847428 0.276214 0.305144 0.00174654
0 0.919339 0.127812 0.161323 0.255624 0.00173672
0 0.0714732 0.324167 0.142946 0.299802 0.00172799
0 0.887914 0.0599471 0.0156083 0.0261408 0.00172702
0 0.206397 0.533249 0.234792 0.537994 0.00172528
0 0.365426 0.684936 0.358459 0.630127 0.00172312
0 0.242671 0.814485 0.203087 0.371029 0.00172308
0 0.152322 0.779189 0.19548 0.441622 0.00172233
0 0.249533 0.897723 0.20413 0.204555 0.00171047
0 0.168464 0.337446 0.336928 0.664912 0.00170117
0 0.157565 0.847542 0.203607 0.304917 0.00169754
0 0.655558 0.893645 0.280996 0.212709 0.00169585
0 0.207136 0.7796 0.196709 0.440801 0.00169441
0 0.300332 0.751037 0.238038 0.497925 0.00168907
0 0.692915 0.0484568 0.245696 0.0969135 0.0016872
0 0.21443 0.846672 0.203824 0.306657 0.00168558
0 0.958377 0.187184 0.0832466 0.374368 0.00168553
0 0.0755154 0.548687 0.151031 0.41297 0.00167538
0 0.395203 0.296249 0.396518 0.592499 0.00167485
0 0.260328 0.685513 0.213943 0.530008 0.00166864
0 0.941864 0.863996 0.116273 0.272009 0.00166725
0 0.31394 0.900902 0.203024 0.198197 0.00166608
0 0.306766 0.857337 0.198353 0.285325 0.00166538
0 0.0721101 0.210496 0.14422 0.32393 0.00166294
0 0.439233 0.123146 0.328368 0.246292 0.00166115
0 0.083755 0.418373 0.16751 0.577348 0.00165699
0 0.943198 0.354327 0.113604 0.487221 0.00165675
0 0.101302 0.925617 0.202604 0.148766 0.00165085
0 0.502924 0.431944 0.0183158 0.0260652 0.00164879
0 0.408933 0.90974 0.201969 0.180519 0.00164759
0 0.0774443 0.784907 0.154889 0.426756 0.00164295
0 0.963072 0.296539 0.0738563 0.482799 0.00164187
0 0.375372 0.906247 0.200302 0.187506 0.00164159
0 0.834996 0.91129 0.237161 0.17742 0.00163804
0 0.441463 0.913886 0.205456 0.172229 0.00163468
0 0.0462716 0.821721 0.0925433 0.319317 0.00163228
0 0.881642 0.911818 0.221313 0.176364 0.00162866
0 0.074363 0.255481 0.148726 0.510963 0.0016277
0 0.223791 0.700619 0.174073 0.522054 0.00162619
0 0.214392 0.927904 0.22092 0.144193 0.0016254
0 0.527672 0.936942 0.242444 0.126116 0.00162469
0 0.874701 0.687335 0.250597 0.62533 0.00162218
0 0.968686 0.239692 0.0626282 0.479385 0.001622
0 0.370708 0.120954 0.316018 0.241908 0.00161997
0 0.0348589 0.147597 0.0697178 0.286303 0.0016199
0 0.0953276 0.766726 0.190655 0.466548 0.00161868
0 0.589672 0.382325 0.383955 0.595786 0.00161655
0 0.484339 0.58254 0.0287229 0.0580099 0.00161615
0 0.926065 0.923483 0.14787 0.153035 0.00161312
0 0.314339 0.671105 0.290097 0.569337 0.00160974
0 0.0450744 0.765159 0.0901488 0.310788 0.00160501
0 0.796569 0.056959 0.232638 0.113918 0.00160332
0 0.255644 0.764132 0.187906 0.471737 0.00160219
0 0.282166 0.57455 0.272038 0.549859 0.00159477
0 0.712426 0.933349 0.250239 0.133301 0.00159152
0 0.0746472 0.660012 0.149294 0.439532 0.00159112
0 0.277566 0.92762 0.22101 0.14476 0.00157856
0 0.827345 0.493529 0.345309 0.624151 0.00157465
0 0.153786 0.928461 0.221085 0.143078 0.00155663
0 0.856726 0.718678 0.286549 0.562645 0.00155411
0 0.201277 0.426337 0.328933 0.562859 0.00155411
0 0.499033 0.4317 0.0474396 0.144065 0.00155373
0 0.511592 0.223932 0.163673 0.230166 0.00154361
0 0.773087 0.134036 0.124378 0.268071 0.00154223
0 0.475206 0.0510614 0.235696 0.102123 0.00154162
0 0.256277 0.482157 0.275646 0.535959 0.00153632
0 0.597834 0.368782 0.351558 0.377069 0.0015346
0 0.339859 0.928531 0.220814 0.142939 0.00152536
0 0.305653 0.124521 0.309992 0.249042 0.00152107
0 0.0762565 0.877799 0.152513 0.244401 0.00151436
0 0.20676 0.112121 0.300333 0.224242 0.00151278
0 0.0387241 0.209711 0.0774481 0.280191 0.00150743
0 0.811769 0.227043 0.212721 0.307499 0.00150167
0 0.0442798 0.864524 0.0885596 0.270951 0.00149405
0 0.0466078 0.484715 0.0932156 0.312705 0.00149382
0 0.0452573 0.591035 0.0905146 0.305838 0.00149314
0 0.0440316 0.705146 0.0880633 0.302859 0.00149043
0 0.437134 0.356026 0.393559 0.712053 0.00148587
0 0.0462247 0.374048 0.0924494 0.305916 0.0014851
0 0.507071 0.309612 0.0129922 0.039121 0.00148435
0 0.0466908 0.429605 0.0933816 0.309773 0.00148341
0 0.795112 0.634547 0.3345 0.488954 0.00148276
0 0.0449715 0.319742 0.0899429 0.299446 0.00148082
0 0.0428287 0.265959 0.0856574 0.289941 0.00148029
0 0.557612 0.0813348 0.306406 0.16267 0.00148008
0 0.0778635 0.151232 0.155727 0.302465 0.00147762
0 0.179019 0.747455 0.188751 0.50509 0.0014772
0 0.464887 0.934234 0.228318 0.131532 0.00147692
0 0.651167 0.258785 0.420404 0.47897 0.00147637
0 0.726488 0.385373 0.0813701 0.269362 0.00147473
0 0.356003 0.593885 0.317192 0.559501 0.0014639
0 0.412807 0.0503106 0.233821 0.100621 0.00146114
0 0.687988 0.104583 0.324201 0.209166 0.00146045
0 0.894694 0.933501 0.210612 0.132999 0.00145948
0 0.0444716 0.647307 0.0889433 0.303749 0.00145893
0 0.539708 0.0514765 0.231585 0.102953 0.00145889
0 0.0912829 0.625705 0.182566 0.549575 0.00145702
0 0.210084 0.308185 0.403876 0.616371 0.00145025
0 0.527706 0.268492 0.10908 0.151695 0.00144723
0 0.350516 0.0494362 0.231217 0.0988725 0.00144357
0 0.195047 0.0516674 0.233637 0.103335 0.00144347
0 0.097315 0.205059 0.19463 0.410118 0.00144133
0 0.635493 0.383036 0.365316 0.455819 0.00143923
0 0.411849 0.603635 0.370136 0.616512 0.00143886
0 0.152489 0.6931 0.181678 0.513656 0.0014365
0 0.749143 0.300423 0.0819642 0.159097 0.00143312
0 0.303429 0.297982 0.384685 0.595964 0.0014249
0 0.805079 0.296741 0.206117 0.164552 0.00141899
0 0.403579 0.930392 0.224041 0.139216 0.00141648
0 0.109413 0.0522586 0.218826 0.104517 0.00141378
0 0.314286 0.528904 0.27181 0.538223 0.00141123
0 0.638142 0.935546 0.250186 0.128907 0.0014067
0 0.288182 0.0484899 0.231046 0.0969797 0.00140582
0 0.114096 0.69319 0.201291 0.552745 0.00140109
0 0.0894862 0.514705 0.178972 0.510571 0.00139688
0 0.238731 0.370123 0.366677 0.595053 0.00139204
0 0.600812 0.345555 0.276811 0.242057 0.00138432
0 0.635683 0.0498755 0.23245 0.099751 0.00136434
0 0.794316 0.544707 0.316501 0.439208 0.00136031
0 0.692972 0.582297 0.0774305 0.274555 0.00134799
0 0.152669 0.113218 0.305338 0.226437 0.00134436
0 0.110009 0.578517 0.202809 0.521825 0.001338
0 0.30006 0.426995 0.321992 0.56367 0.00133299
0 0.400934 0.372706 0.348233 0.599902 0.00132275
0 0.353893 0.462074 0.28935 0.535877 0.00129884
0 0.651813 0.17149 0.438466 0.34298 0.001291
0 0.593296 0.0645442 0.303225 0.129088 0.00128687
0 0.720527 0.441299 0.078481 0.285533 0.00128422
0 0.779565 0.471033 0.235625 0.414014 0.00127822
0 0.405127 0.498529 0.324517 0.510398 0.00127498
0 0.540944 0.237095 0.144453 0.17568 0.00123801
0 0.886807 0.0720279 0.0191866 0.0316145 0.00123588
0 0.711219 0.615947 0.138273 0.248813 0.00121199
0 0.551775 0.268638 0.138923 0.124712 0.00120074
0 0.745619 0.434882 0.145253 0.322512 0.00118993
0 0.835776 0.43644 0.328447 0.43779 0.00116909
0 0.628229 0.229447 0.336571 0.173428 0.00116835
0 0.893401 0.0606478 0.0121221 0.0239232 0.00116498
0 0.639479 0.262465 0.324919 0.138698 0.0011634
0 0.713892 0.492699 0.0803187 0.288718 0.00115609
0 0.741786 0.331953 0.0935185 0.180541 0.00114648
0 0.679891 0.754828 0.114555 0.401302 0.00114447
0 0.755716 0.260871 0.0869741 0.207377 0.00112987
0 0.832371 0.334448 0.279056 0.205392 0.00110699
0 0.117797 0.130793 0.235594 0.261585 0.00109999
0 0.939351 0.243462 0.121298 0.44277 0.0010804
0 0.691421 0.622722 0.0811467 0.231869 0.00106127
