0 0.2055 0.502 0.01375 0.0266666 1
0 0.61525 0.735111 0.01775 0.0315555 1
0 0.307311 0.697419 0.453783 0.605162 0.00408513
0 0.329968 0.266231 0.422589 0.532461 0.00294467
0 0.524919 0.788807 0.282751 0.422387 0.00284644
0 0.236444 0.256728 0.405004 0.513456 0.00265939
0 0.03892 0.0635031 0.0778399 0.127006 0.00257899
0 0.871781 0.901393 0.256438 0.197214 0.00238582
0 0.321526 0.642116 0.512868 0.715769 0.00238342
0 0.79399 0.916637 0.262987 0.166726 0.00236982
0 0.933582 0.914095 0.132836 0.17181 0.00236047
0 0.746434 0.128122 0.380331 0.256244 0.0023528
0 0.891389 0.932119 0.217223 0.135761 0.0023468
0 0.429448 0.267478 0.427079 0.534956 0.00232094
0 0.264806 0.765248 0.419985 0.469505 0.00226683
0 0.940214 0.0716216 0.119572 0.143243 0.00226194
0 0.518418 0.74504 0.383979 0.50992 0.00222465
0 0.782908 0.702025 0.434184 0.59595 0.00220878
0 0.580823 0.274244 0.414129 0.548489 0.00220837
0 0.18216 0.233879 0.364321 0.467758 0.00219376
0 0.588618 0.692242 0.412883 0.615516 0.00218872
0 0.857525 0.248018 0.28495 0.496035 0.00218416
0 0.696475 0.162129 0.394497 0.324258 0.002155
0 0.809272 0.122718 0.379727 0.245436 0.00213546
0 0.935602 0.863959 0.128796 0.272082 0.0021142
0 0.946642 0.144934 0.106715 0.289867 0.00209975
0 0.354421 0.754512 0.460825 0.490976 0.00209164
0 0.918376 0.0604353 0.163247 0.120871 0.00209131
0 0.233288 0.718765 0.440215 0.562469 0.00208174
0 0.910286 0.142389 0.179427 0.284777 0.00207814
0 0.634721 0.625353 0.44643 0.749295 0.00206251
0 0.125258 0.856976 0.250515 0.286048 0.00205911
0 0.646695 0.938353 0.259918 0.123295 0.0020421
0 0.980849 0.694362 0.0383014 0.446367 0.00202892
0 0.513947 0.253671 0.411608 0.507342 0.00202886
0 0.632123 0.898315 0.306444 0.203369 0.00201809
0 0.0871727 0.929303 0.174345 0.141394 0.00200168
0 0.332506 0.840196 0.411776 0.319607 0.00199926
0 0.634334 0.236945 0.406435 0.47389 0.00199505
0 0.376153 0.896275 0.292035 0.20745 0.00197131
0 0.954152 0.299152 0.0916961 0.598303 0.00196924
0 0.971424 0.75722 0.0571517 0.480185 0.0019578
0 0.14082 0.749209 0.281639 0.501582 0.0019569
0 0.950676 0.234085 0.098648 0.468171 0.00195266
0 0.3756 0.418731 0.488022 0.837463 0.00194339
0 0.787028 0.884092 0.38142 0.231817 0.00191993
0 0.772419 0.835319 0.394047 0.329362 0.00191508
0 0.177772 0.685079 0.355543 0.629842 0.00191235
0 0.941552 0.783935 0.116896 0.432131 0.00191187
0 0.893773 0.290768 0.212454 0.581536 0.00189917
0 0.0480001 0.912661 0.0960002 0.174677 0.00189338
0 0.98204 0.565345 0.035921 0.456046 0.00189077
0 0.151924 0.864221 0.303849 0.271558 0.0018878
0 0.951439 0.364444 0.0971229 0.65313 0.00188175
0 0.516811 0.906003 0.268022 0.187993 0.00186846
0 0.731652 0.930305 0.263792 0.13939 0.00186793
0 0.098279 0.891883 0.196558 0.216233 0.00186768
0 0.199836 0.858718 0.298508 0.282563 0.00186719
0 0.900475 0.705454 0.19905 0.589092 0.00186524
0 0.234374 0.842191 0.409276 0.315618 0.00185966
0 0.062428 0.411841 0.124856 0.478069 0.00185174
0 0.972945 0.482261 0.0541101 0.600525 0.00184762
0 0.117492 0.926295 0.234984 0.14741 0.00184601
0 0.571107 0.409796 0.475886 0.819591 0.00184461
0 0.0642108 0.0670926 0.128422 0.134185 0.00184113
0 0.759582 0.799255 0.44073 0.40149 0.00184
0 0.650786 0.754235 0.415746 0.491529 0.00183935
0 0.776255 0.937933 0.231939 0.124134 0.00183862
0 0.682103 0.912498 0.298845 0.175004 0.00182948
0 0.874437 0.363009 0.251125 0.675842 0.00182741
0 0.834252 0.933486 0.247077 0.133027 0.00182498
0 0.0327785 0.116934 0.065557 0.233868 0.00182444
0 0.823398 0.674916 0.353204 0.650169 0.00182268
0 0.0678922 0.547499 0.135784 0.279695 0.00181821
0 0.938048 0.617326 0.123904 0.444894 0.00181548
0 0.959006 0.453092 0.0819882 0.675005 0.0018139
0 0.932007 0.321444 0.135986 0.55337 0.00181373
0 0.677769 0.675125 0.469597 0.64975 0.00181124
0 0.0960435 0.834596 0.192087 0.330809 0.00180843
0 0.524546 0.937283 0.241326 0.125435 0.00179997
0 0.0680786 0.49449 0.136157 0.277882 0.00179385
0 0.393508 0.935994 0.244522 0.128011 0.00178808
0 0.692421 0.0399195 0.243063 0.0798389 0.00178749
0 0.0727148 0.347135 0.14543 0.517556 0.00178726
0 0.55381 0.887213 0.304024 0.225573 0.00177972
0 0.0596607 0.514729 0.119321 0.473488 0.00177613
0 0.4917 0.376085 0.495252 0.752171 0.00177482
0 0.590529 0.838289 0.424923 0.323422 0.00177402
0 0.952734 0.187295 0.0945327 0.37459 0.00177316
0 0.703857 0.314514 0.500253 0.629028 0.00176772
0 0.285986 0.577733 0.531767 0.844534 0.00176183
0 0.0829166 0.663056 0.165833 0.535457 0.00176126
0 0.679541 0.561495 0.493498 0.847807 0.00175845
0 0.318787 0.138335 0.33502 0.27667 0.00175376
0 0.0703637 0.605242 0.140727 0.289203 0.00175353
0 0.409175 0.69926 0.467989 0.601479 0.00175315
0 0.0694734 0.44151 0.138947 0.278534 0.00175233
0 0.707209 0.808526 0.398467 0.382948 0.00174282
0 0.797595 0.586099 0.404811 0.577017 0.00174237
0 0.255177 0.472813 0.44841 0.679827 0.00174046
0 0.0243823 0.764423 0.0487646 0.276805 0.00173815
0 0.610655 0.501826 0.465852 0.866319 0.00172795
0 0.0698828 0.388328 0.139766 0.277127 0.00172519
0 0.19096 0.784348 0.38192 0.431304 0.00172122
0 0.02686 0.830477 0.05372 0.288565 0.00172064
0 0.870366 0.598436 0.259267 0.436541 0.00171876
0 0.904927 0.856889 0.190146 0.286222 0.00171152
0 0.972779 0.612026 0.0544414 0.374027 0.0017083
0 0.705007 0.939823 0.247846 0.120355 0.00170753
0 0.0855494 0.780425 0.171099 0.317831 0.00170302
0 0.352171 0.325646 0.488452 0.651292 0.00170069
0 0.0748497 0.666521 0.149699 0.296491 0.00169742
0 0.576033 0.935251 0.261283 0.129498 0.00169418
0 0.0792692 0.723377 0.158538 0.29617 0.00169368
0 0.108442 0.704224 0.216885 0.568756 0.001692
0 0.338091 0.924105 0.248524 0.151791 0.00168961
0 0.853269 0.741315 0.293462 0.517369 0.00168848
0 0.446043 0.908484 0.262378 0.183031 0.00168688
0 0.0702455 0.334402 0.140491 0.277303 0.00168654
0 0.223072 0.920734 0.213237 0.158532 0.0016818
0 0.166674 0.728772 0.333348 0.542456 0.00167979
0 0.758346 0.0425825 0.236515 0.0851649 0.00167594
0 0.497926 0.840918 0.353929 0.318164 0.00167458
0 0.631947 0.0439559 0.23904 0.0879117 0.00167418
0 0.876382 0.0531962 0.247237 0.106392 0.00166898
0 0.0317438 0.482431 0.0634876 0.271604 0.00166497
0 0.371397 0.615081 0.510821 0.769838 0.00165199
0 0.0340868 0.428836 0.0681736 0.272579 0.00164916
0 0.414917 0.354569 0.510468 0.709137 0.00164862
0 0.837091 0.312166 0.325818 0.624332 0.00164352
0 0.718345 0.614189 0.525064 0.771621 0.00163987
0 0.0230389 0.7047 0.0460779 0.273553 0.00163576
0 0.621759 0.323719 0.482215 0.647438 0.00163312
0 0.669934 0.838093 0.433955 0.323813 0.00162833
0 0.254502 0.141173 0.330935 0.282345 0.0016232
0 0.21037 0.543236 0.407926 0.687226 0.00162259
0 0.326933 0.491742 0.527301 0.853714 0.00162239
0 0.0286208 0.53543 0.0572416 0.270297 0.00160765
0 0.0244402 0.648542 0.0488804 0.274568 0.00160492
0 0.276016 0.924488 0.235998 0.151025 0.00159788
0 0.0347291 0.374457 0.0694581 0.270905 0.00159295
0 0.458435 0.387687 0.398764 0.766016 0.00159236
0 0.460233 0.935625 0.233755 0.12875 0.0015913
0 0.632834 0.798502 0.411443 0.402996 0.00158714
0 0.376432 0.128207 0.325256 0.256413 0.00158534
0 0.966785 0.517985 0.0664294 0.42651 0.00158286
0 0.031608 0.882842 0.0632159 0.234316 0.00157982
0 0.952523 0.490415 0.0949543 0.521663 0.00157669
0 0.0336627 0.319627 0.0673254 0.268574 0.00157233
0 0.230257 0.601698 0.460514 0.796604 0.00156992
0 0.651642 0.403204 0.490703 0.806408 0.00156561
0 0.148721 0.391842 0.297443 0.756002 0.00156303
0 0.568627 0.044292 0.24014 0.0885841 0.00156108
0 0.931461 0.476049 0.137078 0.673306 0.00155648
0 0.791827 0.43471 0.416345 0.808934 0.00155622
0 0.0313212 0.26485 0.0626424 0.26822 0.00155526
0 0.756565 0.241749 0.48687 0.483498 0.00155233
0 0.45545 0.764017 0.454618 0.471966 0.00155078
0 0.0261435 0.591539 0.0522869 0.273122 0.00154995
0 0.0289961 0.20517 0.0579921 0.273728 0.00154425
0 0.0875953 0.277205 0.175191 0.554411 0.00154414
0 0.414571 0.842052 0.420386 0.315897 0.00153823
0 0.529906 0.63809 0.413301 0.72382 0.00153345
0 0.90989 0.450918 0.18022 0.676107 0.00152921
0 0.866237 0.445693 0.267526 0.743678 0.00152183
0 0.191285 0.606678 0.382571 0.786643 0.00152124
0 0.0680675 0.269654 0.136135 0.291166 0.0015176
0 0.819376 0.0498059 0.24212 0.0996118 0.00151476
0 0.06487 0.184388 0.12974 0.346039 0.00151086
0 0.171056 0.476492 0.342111 0.707297 0.00150038
0 0.932897 0.560132 0.102847 0.411228 0.00150032
0 0.747133 0.379027 0.49551 0.758055 0.0014963
0 0.74262 0.507291 0.514759 0.589532 0.0014948
0 0.288031 0.0498457 0.235793 0.0996914 0.00149387
0 0.837753 0.447424 0.324493 0.702015 0.00149096
0 0.506906 0.0442224 0.237909 0.0884448 0.00148192
0 0.226309 0.047489 0.231968 0.0949781 0.0014732
0 0.867988 0.864566 0.264024 0.270868 0.001473
0 0.184817 0.130115 0.319959 0.26023 0.00147156
0 0.351303 0.0495788 0.234243 0.0991577 0.00146768
0 0.129533 0.0484252 0.238721 0.0968504 0.00146535
0 0.414456 0.0454638 0.234478 0.0909276 0.00145926
0 0.151505 0.936954 0.225781 0.126093 0.00145608
0 0.166099 0.296659 0.332199 0.593318 0.0014536
0 0.168122 0.602527 0.336244 0.643372 0.00145082
0 0.575934 0.587091 0.368191 0.758434 0.00143764
0 0.408413 0.502219 0.32289 0.624265 0.00142837
0 0.0688092 0.145373 0.137618 0.290746 0.0014233
0 0.0953795 0.197728 0.190759 0.395457 0.00142164
0 0.934241 0.504469 0.123174 0.491144 0.00140533
0 0.771692 0.312867 0.456616 0.625734 0.00140114
0 0.271216 0.320611 0.444801 0.641221 0.00139591
0 0.711674 0.443928 0.50044 0.81633 0.00139163
0 0.496706 0.590694 0.320056 0.681526 0.00138426
0 0.128656 0.135498 0.257311 0.270996 0.00137946
0 0.494882 0.442574 0.267148 0.685023 0.00137622
0 0.213406 0.356603 0.395137 0.703305 0.00137081
0 0.882421 0.461058 0.190337 0.502478 0.00136254
0 0.720846 0.104441 0.319544 0.208882 0.00134987
0 0.54049 0.551087 0.279218 0.676629 0.00134374
0 0.245064 0.937342 0.231674 0.125316 0.00133941
0 0.835475 0.839925 0.32905 0.320149 0.00133287
0 0.0944762 0.0534984 0.188952 0.106997 0.0013133
0 0.872554 0.133731 0.254892 0.267461 0.0013052
0 0.482892 0.51706 0.173371 0.561166 0.0012882
0 0.659535 0.0895816 0.317997 0.179163 0.00127241
0 0.908184 0.558742 0.123096 0.388981 0.00126987
0 0.438333 0.111305 0.314695 0.222611 0.00126581
0 0.304229 0.938493 0.237218 0.123014 0.00121956
0 0.410372 0.17188 0.0139395 0.0244047 0.00120928
0 0.565316 0.10189 0.319485 0.20378 0.00119721
0 0.387558 0.147986 0.0503878 0.081873 0.00119038
0 0.404414 0.142393 0.0129192 0.0198063 0.00116209
0 0.503971 0.104485 0.320448 0.20897 0.00115265
0 0.417106 0.183806 0.0135618 0.0199069 0.00114849
0 0.84363 0.0926272 0.312741 0.185254 0.00113033
0 0.403811 0.154973 0.0146167 0.0220988 0.00112682
0 0.38862 0.169591 0.0501778 0.08653 0.00108479
