0 0.611 0.648667 0.0162501 0.0355556 1
0 0.167822 0.73234 0.335645 0.535319 0.0145209
0 0.177721 0.656586 0.355443 0.686828 0.00752942
0 0.1893 0.791588 0.3786 0.416823 0.0050441
0 0.36048 0.67398 0.525215 0.652039 0.0040126
0 0.204426 0.546624 0.0707265 0.123975 0.00382855
0 0.877278 0.209805 0.245443 0.419609 0.00364724
0 0.157795 0.709128 0.315589 0.581744 0.0032885
0 0.229629 0.716995 0.435735 0.56601 0.00299958
0 0.823143 0.236457 0.353714 0.472914 0.0029198
0 0.251736 0.146884 0.467795 0.293769 0.00288675
0 0.132965 0.893503 0.265929 0.212995 0.00278823
0 0.328571 0.167188 0.456569 0.334376 0.00269358
0 0.440547 0.653874 0.5326 0.692252 0.00269242
0 0.0393705 0.0603318 0.078741 0.120664 0.00267852
0 0.93607 0.174779 0.127859 0.349559 0.00266248
0 0.934949 0.798869 0.130101 0.402261 0.00259114
0 0.298029 0.738878 0.50808 0.522243 0.00257879
0 0.693793 0.215851 0.391221 0.431702 0.00253688
0 0.147256 0.814998 0.294513 0.370004 0.00249741
0 0.585215 0.235701 0.380849 0.471402 0.00247998
0 0.768845 0.205842 0.378006 0.411684 0.00242722
0 0.756568 0.818374 0.324462 0.363251 0.00237772
0 0.434664 0.838399 0.410434 0.323202 0.00237526
0 0.0455187 0.821315 0.0910374 0.348237 0.00235785
0 0.929986 0.449307 0.140028 0.59381 0.0023392
0 0.966136 0.775608 0.0677274 0.426899 0.00231716
0 0.953999 0.802728 0.0920018 0.394544 0.00231115
0 0.417568 0.180575 0.41023 0.36115 0.00231009
0 0.862122 0.811546 0.275756 0.376907 0.00230352
0 0.505984 0.474919 0.16843 0.42706 0.00230077
0 0.813278 0.819875 0.291407 0.360249 0.00230073
0 0.536474 0.879472 0.353885 0.241055 0.00229754
0 0.239192 0.705866 0.317872 0.577228 0.00229208
0 0.158379 0.691634 0.307945 0.577729 0.00228552
0 0.165098 0.834428 0.330196 0.331143 0.00228362
0 0.131399 0.768067 0.262799 0.463865 0.00226751
0 0.824158 0.27237 0.351685 0.544739 0.00221295
0 0.500459 0.230268 0.384519 0.460535 0.00220987
0 0.939811 0.729441 0.120379 0.530105 0.00220725
0 0.529975 0.513023 0.18647 0.471627 0.00220661
0 0.600918 0.879618 0.268102 0.240764 0.00220098
0 0.128166 0.935919 0.256332 0.128162 0.00219131
0 0.0921988 0.822323 0.184398 0.355354 0.00218985
0 0.877118 0.148256 0.245765 0.296512 0.00218258
0 0.917875 0.368229 0.16425 0.591079 0.00218159
0 0.665223 0.804135 0.394503 0.391731 0.00216908
0 0.553037 0.551514 0.242507 0.46275 0.00215003
0 0.508619 0.460025 0.34771 0.725298 0.00214145
0 0.972492 0.465941 0.0550159 0.408213 0.0021406
0 0.616143 0.76087 0.422045 0.478259 0.0021018
0 0.322929 0.744734 0.347123 0.510531 0.00209829
0 0.596999 0.596572 0.255327 0.49056 0.00209743
0 0.938466 0.0796658 0.123067 0.159332 0.0020562
0 0.935762 0.597021 0.128475 0.534318 0.00205418
0 0.941099 0.915993 0.117801 0.168015 0.00205272
0 0.969389 0.707032 0.0612224 0.392589 0.00204827
0 0.537002 0.538547 0.411092 0.672011 0.00204559
0 0.921932 0.844903 0.156136 0.310194 0.00202852
0 0.933015 0.218534 0.133971 0.437069 0.00202145
0 0.539366 0.669012 0.492585 0.661976 0.00201277
0 0.281986 0.822137 0.49779 0.355726 0.00200886
0 0.308914 0.910684 0.316491 0.178631 0.00200608
0 0.0643002 0.0607954 0.1286 0.121591 0.00199809
0 0.403061 0.568974 0.417083 0.473897 0.00199706
0 0.601147 0.610661 0.350326 0.676802 0.00198198
0 0.211128 0.501549 0.422255 0.817774 0.00198071
0 0.969266 0.638592 0.0614683 0.38318 0.00197974
0 0.186292 0.11264 0.348006 0.22528 0.00197659
0 0.644411 0.878056 0.226962 0.243888 0.00197494
0 0.421421 0.36664 0.539079 0.733279 0.00195215
0 0.17998 0.689192 0.249906 0.482047 0.00195043
0 0.399105 0.597664 0.301712 0.131416 0.00194063
0 0.641193 0.924842 0.179454 0.150315 0.0019386
0 0.0538405 0.500013 0.107681 0.420625 0.00191522
0 0.482177 0.914721 0.309379 0.170557 0.00190648
0 0.0541944 0.926014 0.108389 0.147972 0.00190501
0 0.565595 0.741041 0.44361 0.517917 0.00189952
0 0.372745 0.702258 0.417417 0.595483 0.00189564
0 0.381217 0.498742 0.471381 0.620662 0.00189352
0 0.423863 0.901276 0.33076 0.197447 0.00189183
0 0.0930693 0.914576 0.186139 0.170847 0.00188692
0 0.898581 0.864273 0.202837 0.271453 0.00187676
0 0.560078 0.302905 0.479902 0.60581 0.00187643
0 0.870366 0.873799 0.203461 0.252402 0.00187387
0 0.546969 0.926423 0.237267 0.147154 0.00187287
0 0.462225 0.517984 0.51172 0.724793 0.00186696
0 0.519125 0.340375 0.526258 0.680751 0.00186111
0 0.539202 0.427781 0.484699 0.855563 0.00185079
0 0.2539 0.196017 0.507799 0.392034 0.00185034
0 0.904777 0.06218 0.190446 0.12436 0.00184409
0 0.957975 0.203611 0.0840504 0.407222 0.00184002
0 0.39206 0.491751 0.511823 0.857982 0.00183272
0 0.361325 0.560228 0.397676 0.208421 0.00183019
0 0.682572 0.876843 0.201103 0.246315 0.00182968
0 0.330256 0.940363 0.25155 0.119275 0.00182759
0 0.0339297 0.111109 0.0678594 0.222218 0.00182711
0 0.871535 0.829408 0.25693 0.341183 0.00182425
0 0.240624 0.599269 0.379177 0.495986 0.00182411
0 0.353054 0.630268 0.0249081 0.0352658 0.00182111
0 0.364412 0.814909 0.495404 0.370183 0.00182007
0 0.250492 0.91012 0.315719 0.179761 0.00181842
0 0.925037 0.129286 0.149927 0.258573 0.00181501
0 0.835625 0.875136 0.188524 0.249727 0.00181187
0 0.971891 0.348596 0.0562178 0.405054 0.00179824
0 0.361615 0.895628 0.342943 0.208745 0.00179799
0 0.966186 0.231672 0.0676287 0.446507 0.00179766
0 0.696639 0.915491 0.189556 0.169018 0.00178458
0 0.280363 0.555698 0.451426 0.652448 0.00178358
0 0.782745 0.875383 0.190242 0.249233 0.00177872
0 0.919587 0.898471 0.160826 0.203058 0.00177656
0 0.828838 0.404606 0.342324 0.809212 0.00177084
0 0.158307 0.62445 0.316614 0.571945 0.00176632
0 0.447779 0.417903 0.356837 0.623298 0.0017618
0 0.172551 0.880923 0.314218 0.238155 0.00176071
0 0.505116 0.597992 0.504327 0.792796 0.00175891
0 0.631909 0.690078 0.398165 0.619844 0.00175763
0 0.730521 0.910502 0.186479 0.178997 0.00175705
0 0.721534 0.876608 0.183863 0.246784 0.00175578
0 0.46108 0.30287 0.509393 0.60574 0.00174775
0 0.302003 0.567039 0.209801 0.142018 0.00174588
0 0.0522531 0.905378 0.104506 0.189244 0.00173717
0 0.223817 0.227174 0.447634 0.454347 0.0017364
0 0.258609 0.562053 0.14593 0.129825 0.00173344
0 0.32922 0.598455 0.172975 0.12157 0.00173051
0 0.761228 0.907125 0.1879 0.18575 0.00173011
0 0.833599 0.837384 0.229765 0.325232 0.00172535
0 0.847844 0.904692 0.198677 0.190616 0.00172243
0 0.069732 0.932179 0.139464 0.135641 0.00171983
0 0.946392 0.871817 0.107216 0.256366 0.00171629
0 0.976819 0.398948 0.0463616 0.467703 0.00171524
0 0.294094 0.36676 0.531663 0.733519 0.00171457
0 0.0492287 0.519613 0.0984575 0.285085 0.00171384
0 0.778723 0.833178 0.238255 0.333644 0.00171322
0 0.683123 0.820512 0.337929 0.358977 0.00171171
0 0.792515 0.324829 0.414971 0.649659 0.00171112
0 0.178737 0.636555 0.207818 0.390267 0.00170591
0 0.11758 0.837902 0.23516 0.324195 0.00170272
0 0.167735 0.276456 0.33547 0.552911 0.00170001
0 0.479981 0.41063 0.450281 0.756007 0.00169474
0 0.740792 0.668023 0.275369 0.368069 0.00169305
0 0.314261 0.253365 0.530883 0.506731 0.00169212
0 0.0790432 0.43709 0.158086 0.44234 0.00168331
0 0.881437 0.908307 0.205397 0.183387 0.00168062
0 0.22052 0.558677 0.144497 0.128929 0.00167361
0 0.774563 0.639243 0.275809 0.30899 0.00166933
0 0.973115 0.570513 0.0537697 0.45808 0.00166913
0 0.171844 0.936746 0.260292 0.126507 0.00166857
0 0.236764 0.646495 0.15308 0.276834 0.00166556
0 0.707897 0.731604 0.305795 0.514821 0.0016597
0 0.0372177 0.704679 0.0744355 0.294311 0.0016518
0 0.596923 0.494543 0.442733 0.780844 0.00164957
0 0.382832 0.938895 0.268714 0.12221 0.0016464
0 0.035617 0.599211 0.071234 0.273869 0.00164338
0 0.647031 0.300482 0.479391 0.600965 0.00164135
0 0.146028 0.097861 0.292057 0.195722 0.00163497
0 0.451105 0.938711 0.25545 0.122578 0.00163214
0 0.229791 0.354246 0.459583 0.708492 0.00163055
0 0.0360029 0.650291 0.0720057 0.281185 0.00162971
0 0.172012 0.507147 0.344023 0.705626 0.00162962
0 0.0724009 0.387383 0.144802 0.267814 0.00162833
0 0.287235 0.645882 0.168085 0.199074 0.00162429
0 0.0890593 0.201509 0.178119 0.384557 0.00162372
0 0.852766 0.0514721 0.237487 0.102944 0.0016224
0 0.878329 0.740662 0.243342 0.518676 0.00161926
0 0.218598 0.137452 0.338156 0.274903 0.00161711
0 0.158991 0.0495794 0.248509 0.0991588 0.00159865
0 0.272041 0.597966 0.133832 0.150022 0.00159493
0 0.685957 0.932404 0.219108 0.135191 0.00159017
0 0.856863 0.542453 0.286273 0.787229 0.00158785
0 0.779864 0.928312 0.220414 0.143375 0.00158269
0 0.031277 0.143998 0.062554 0.272069 0.00158216
0 0.110614 0.0518596 0.221227 0.103719 0.00157529
0 0.63844 0.654976 0.312503 0.573884 0.0015746
0 0.0697469 0.44584 0.139494 0.268695 0.00156577
0 0.741763 0.638619 0.329701 0.4543 0.00156435
0 0.608963 0.334479 0.510914 0.668958 0.00156226
0 0.509407 0.936413 0.254431 0.127173 0.00155971
0 0.624972 0.41737 0.473835 0.834741 0.00155804
0 0.282147 0.458617 0.490705 0.912847 0.00155735
0 0.0631688 0.192446 0.126338 0.2903 0.0015572
0 0.787923 0.416163 0.424155 0.832327 0.00155421
0 0.692685 0.4596 0.446969 0.871362 0.00154873
0 0.0711848 0.328767 0.14237 0.257092 0.00154091
0 0.599343 0.936224 0.204962 0.127552 0.00153666
0 0.0272529 0.264892 0.0545059 0.260199 0.00153493
0 0.201254 0.559708 0.151988 0.149215 0.00153348
0 0.0980458 0.626155 0.196092 0.519356 0.0015328
0 0.342439 0.117808 0.332614 0.235615 0.00153134
0 0.318949 0.0490501 0.23632 0.0981002 0.00152842
0 0.281536 0.131893 0.34567 0.263786 0.00152646
0 0.18954 0.59337 0.167978 0.258395 0.0015211
0 0.222928 0.0465688 0.242736 0.0931376 0.00151651
0 0.0667797 0.663442 0.133559 0.301411 0.00151194
0 0.0684214 0.496582 0.136843 0.238366 0.00150933
0 0.095278 0.744118 0.190556 0.511764 0.00150928
0 0.396006 0.764 0.356905 0.472 0.00150707
0 0.0779395 0.86391 0.155879 0.27218 0.00150542
0 0.631019 0.0480912 0.237281 0.0961825 0.00150381
0 0.0355383 0.434307 0.0710767 0.25837 0.00150173
0 0.733135 0.566567 0.410912 0.737035 0.00150047
0 0.841652 0.927949 0.221927 0.144102 0.00149969
0 0.0271551 0.207193 0.0543102 0.260271 0.0014994
0 0.269399 0.938584 0.26118 0.122831 0.00149518
0 0.82653 0.641568 0.284478 0.333591 0.00149498
0 0.694514 0.0442555 0.231324 0.0885109 0.00148997
0 0.910921 0.927778 0.178159 0.144445 0.00147755
0 0.800259 0.609558 0.358999 0.434885 0.00147215
0 0.382978 0.0475028 0.23314 0.0950056 0.00146979
0 0.0288875 0.319031 0.057775 0.262043 0.00146405
0 0.787465 0.0438113 0.23092 0.0876227 0.00146266
0 0.06567 0.270241 0.13134 0.257268 0.00146157
0 0.568407 0.0509856 0.240614 0.101971 0.00145757
0 0.0321517 0.37649 0.0643034 0.267289 0.00145701
0 0.755395 0.296103 0.450894 0.592206 0.00145562
0 0.0352805 0.537229 0.070561 0.276581 0.00145442
0 0.108662 0.291016 0.217323 0.357621 0.00144919
0 0.370604 0.672123 0.293148 0.239105 0.00144839
0 0.844962 0.775944 0.310075 0.448113 0.00144009
0 0.199308 0.377957 0.398616 0.740942 0.0014345
0 0.804873 0.540037 0.390255 0.804962 0.00142966
0 0.110515 0.355796 0.22103 0.383762 0.00142829
0 0.676922 0.591016 0.38469 0.667103 0.00142179
0 0.0674439 0.125047 0.134888 0.250094 0.00142114
0 0.851351 0.676953 0.297299 0.449155 0.00141426
0 0.819904 0.136892 0.333304 0.273784 0.00141056
0 0.854218 0.68367 0.291564 0.632661 0.00140793
0 0.70589 0.321588 0.492766 0.643176 0.00140056
0 0.0748608 0.764278 0.149722 0.365654 0.00139825
0 0.447483 0.0466112 0.231747 0.0932224 0.00138506
0 0.0365084 0.482458 0.0730168 0.258812 0.00138147
0 0.0574058 0.703061 0.114812 0.484659 0.00135876
0 0.509143 0.0496888 0.235276 0.0993776 0.00135081
0 0.404729 0.122239 0.316162 0.244478 0.00134281
0 0.710131 0.133136 0.307109 0.266271 0.00133958
0 0.834142 0.610184 0.331716 0.525875 0.00133484
0 0.651485 0.132711 0.317105 0.265422 0.001325
0 0.564489 0.140023 0.322356 0.280046 0.00131503
0 0.206635 0.617669 0.164767 0.273895 0.00128723
0 0.0664622 0.603886 0.132924 0.280816 0.00127316
0 0.0874133 0.105587 0.174827 0.211174 0.00116636
0 0.471256 0.13349 0.316971 0.26698 0.00116551
0 0.0546832 0.627596 0.109366 0.401699 0.00113643
0 0.487814 0.337731 0.0109842 0.0191031 0.00112032
0 0.350992 0.631048 0.0301901 0.0501967 0.00110353
0 0.379171 0.08635 0.0124072 0.018998 0.00107049
0 0.517932 0.0313391 0.011858 0.0198755 0.00105981
