0 0.58025 0.606889 0.0185 0.0488889 1
0 0.394375 0.0915556 0.01275 0.0328889 1
0 0.107344 0.403164 0.084532 0.10799 0.0491466
0 0.858601 0.189612 0.282797 0.379224 0.00502854
0 0.603702 0.245618 0.391592 0.491237 0.0036988
0 0.906016 0.169666 0.187968 0.339331 0.00331265
0 0.249895 0.458191 0.0343773 0.0590176 0.0033058
0 0.629846 0.671708 0.512224 0.656584 0.00324379
0 0.823214 0.77218 0.353571 0.455641 0.00316222
0 0.598236 0.306181 0.449511 0.612363 0.00307362
0 0.319176 0.254897 0.4282 0.509795 0.00298554
0 0.777875 0.173654 0.321254 0.347309 0.0029181
0 0.257741 0.229626 0.409623 0.459252 0.00272638
0 0.545833 0.266475 0.402069 0.53295 0.00265667
0 0.912199 0.326375 0.175602 0.537886 0.00255757
0 0.0402292 0.0595885 0.0804584 0.119177 0.00255615
0 0.847433 0.724943 0.305135 0.550115 0.00255208
0 0.433376 0.658135 0.52985 0.68373 0.00254206
0 0.422761 0.261987 0.427165 0.523975 0.00253596
0 0.926533 0.405565 0.146933 0.587442 0.00251753
0 0.120804 0.359607 0.241609 0.584205 0.00251375
0 0.105699 0.455094 0.211398 0.343548 0.00249488
0 0.858519 0.895074 0.282962 0.209851 0.00247991
0 0.121198 0.811369 0.242395 0.377261 0.00246744
0 0.749859 0.0735324 0.286337 0.147065 0.00246134
0 0.194637 0.201724 0.38432 0.403447 0.00245314
0 0.770595 0.108436 0.298593 0.216871 0.00240588
0 0.767267 0.242408 0.331767 0.484816 0.00239495
0 0.362518 0.695554 0.444635 0.608892 0.00237202
0 0.174659 0.817532 0.230149 0.364936 0.0023631
0 0.868035 0.253192 0.26393 0.465972 0.0023563
0 0.328428 0.459089 0.361986 0.19253 0.00232769
0 0.806385 0.736219 0.38723 0.527563 0.00231753
0 0.0860662 0.691608 0.172132 0.549209 0.00231277
0 0.105581 0.606326 0.211163 0.595502 0.0022859
0 0.227466 0.805065 0.297382 0.38987 0.00227171
0 0.143752 0.421786 0.287503 0.590028 0.00226835
0 0.960605 0.153186 0.0787906 0.306372 0.00226567
0 0.939016 0.486827 0.121969 0.54368 0.0022502
0 0.332428 0.527016 0.360251 0.302609 0.0022459
0 0.884468 0.940469 0.231063 0.119063 0.00224187
0 0.894967 0.741017 0.210066 0.517967 0.00224076
0 0.308624 0.745743 0.408794 0.508514 0.00223534
0 0.104828 0.380426 0.0956318 0.0940032 0.00223335
0 0.934302 0.921985 0.131396 0.15603 0.00222941
0 0.750184 0.692587 0.394867 0.510342 0.00221832
0 0.881165 0.237787 0.237669 0.475574 0.00221492
0 0.661548 0.912408 0.302658 0.175184 0.00220541
0 0.244282 0.452316 0.0426851 0.0617807 0.00219521
0 0.863294 0.36001 0.273412 0.698951 0.00219479
0 0.924016 0.0603948 0.151968 0.12079 0.00218095
0 0.167103 0.351905 0.334206 0.703811 0.00217144
0 0.111677 0.833123 0.223355 0.333754 0.00216422
0 0.324955 0.389004 0.457905 0.655518 0.00214981
0 0.793118 0.808072 0.413763 0.383856 0.00213288
0 0.0755575 0.748915 0.151115 0.50217 0.00213284
0 0.728168 0.650547 0.457132 0.691388 0.00213232
0 0.089672 0.288951 0.179344 0.539054 0.00212897
0 0.875081 0.241447 0.249837 0.327242 0.00212049
0 0.821944 0.837475 0.356111 0.32505 0.00211566
0 0.650753 0.749706 0.496197 0.500588 0.00210465
0 0.878377 0.330393 0.243246 0.190693 0.00210243
0 0.71165 0.212545 0.375119 0.42509 0.00210078
0 0.525876 0.655256 0.540346 0.689487 0.00210054
0 0.168115 0.846187 0.185531 0.307626 0.00208789
0 0.973545 0.352311 0.0529109 0.390022 0.00208652
0 0.938325 0.69928 0.12335 0.494242 0.00208176
0 0.146513 0.577731 0.293027 0.779629 0.00207723
0 0.106114 0.421813 0.19953 0.249057 0.00205163
0 0.185114 0.277724 0.370227 0.555449 0.00205057
0 0.73391 0.0531887 0.225055 0.106377 0.00204596
0 0.592122 0.61927 0.518269 0.761461 0.00204563
0 0.940713 0.0748154 0.118573 0.149631 0.00204559
0 0.669439 0.139202 0.326585 0.278405 0.00204324
0 0.700123 0.310114 0.481024 0.620229 0.00204205
0 0.306193 0.86693 0.279497 0.26614 0.00204137
0 0.266033 0.836612 0.291954 0.326775 0.00203937
0 0.251739 0.447557 0.154424 0.117657 0.00203625
0 0.873114 0.147455 0.253771 0.294911 0.00202751
0 0.279524 0.880367 0.207331 0.239266 0.00202617
0 0.917384 0.7731 0.165233 0.453801 0.00202354
0 0.0754524 0.68187 0.150905 0.309046 0.00202156
0 0.202542 0.846811 0.200341 0.306379 0.00202098
0 0.160103 0.177491 0.320205 0.354983 0.00201052
0 0.077113 0.62082 0.154226 0.3101 0.00200512
0 0.615954 0.821082 0.487026 0.357836 0.00200374
0 0.310053 0.810923 0.364344 0.378155 0.00200345
0 0.159956 0.762445 0.319912 0.47511 0.00199709
0 0.882335 0.208102 0.23533 0.186247 0.00199547
0 0.245751 0.881698 0.164517 0.236605 0.00199034
0 0.229877 0.288888 0.422395 0.577776 0.00198999
0 0.307345 0.476816 0.2813 0.179047 0.00198778
0 0.973805 0.471799 0.0523898 0.369181 0.00198348
0 0.944918 0.590479 0.110163 0.455616 0.00198121
0 0.871292 0.80931 0.257417 0.381379 0.00197389
0 0.769954 0.283591 0.241206 0.348259 0.00197181
0 0.919554 0.826215 0.160893 0.34757 0.00196921
0 0.355042 0.754704 0.435153 0.490592 0.00196464
0 0.878634 0.375908 0.242733 0.367877 0.00195635
0 0.624215 0.369712 0.483286 0.739425 0.00195416
0 0.290322 0.315092 0.457061 0.630184 0.00195368
0 0.309536 0.633157 0.426651 0.687582 0.00194429
0 0.0700474 0.282597 0.140095 0.284347 0.0019392
0 0.100138 0.897932 0.200276 0.204137 0.00193659
0 0.812056 0.890143 0.337102 0.219713 0.00193045
0 0.710591 0.896911 0.321481 0.206178 0.0019277
0 0.462218 0.320727 0.47066 0.641453 0.00192194
0 0.499045 0.830565 0.496111 0.33887 0.00191404
0 0.829 0.468898 0.342 0.620502 0.00189935
0 0.0743153 0.738648 0.148631 0.31238 0.00189663
0 0.981467 0.519854 0.0370656 0.414263 0.00189169
0 0.330813 0.848017 0.429012 0.303966 0.00188679
0 0.98111 0.40774 0.0377808 0.432004 0.00188312
0 0.373468 0.316832 0.486946 0.633663 0.00188276
0 0.120001 0.511389 0.193219 0.311556 0.00188198
0 0.44812 0.923497 0.283058 0.153005 0.00187851
0 0.203527 0.601284 0.407054 0.797431 0.00187831
0 0.0804372 0.55796 0.160874 0.315113 0.00187549
0 0.206698 0.758101 0.364129 0.483798 0.00187355
0 0.678258 0.938789 0.247201 0.122423 0.00186748
0 0.0806939 0.352958 0.161388 0.321153 0.00186496
0 0.973911 0.573477 0.0521771 0.360999 0.00186361
0 0.126749 0.442725 0.167851 0.183584 0.00186211
0 0.0475641 0.89792 0.0951282 0.204159 0.00184857
0 0.546309 0.336676 0.495628 0.673352 0.00184833
0 0.25733 0.45937 0.02319 0.0456564 0.00184249
0 0.597561 0.922622 0.291982 0.154755 0.00183819
0 0.327768 0.578537 0.518586 0.842926 0.0018338
0 0.906466 0.93113 0.187068 0.13774 0.00183317
0 0.669649 0.593613 0.475188 0.812775 0.00183161
0 0.213123 0.875732 0.157933 0.248536 0.00182302
0 0.881697 0.0526196 0.236607 0.105239 0.00181767
0 0.882442 0.272446 0.235116 0.220684 0.00181616
0 0.971036 0.694622 0.0579273 0.403699 0.00181546
0 0.728496 0.361127 0.425576 0.722254 0.00181376
0 0.946687 0.166629 0.106627 0.333257 0.00180157
0 0.49624 0.912535 0.306198 0.174929 0.00179751
0 0.0644204 0.0575122 0.128841 0.115024 0.00179206
0 0.184184 0.694913 0.368367 0.610175 0.00178666
0 0.0322824 0.379893 0.0645647 0.249796 0.00178521
0 0.462013 0.439137 0.544344 0.795417 0.00178344
0 0.981029 0.629296 0.037942 0.435555 0.00178165
0 0.0505628 0.922037 0.101126 0.155926 0.00177613
0 0.0730141 0.921974 0.146028 0.156051 0.00177487
0 0.777523 0.422713 0.402294 0.632502 0.00177425
0 0.612828 0.511331 0.463403 0.776324 0.00177393
0 0.78518 0.241047 0.150655 0.286212 0.0017672
0 0.031782 0.431089 0.0635641 0.262118 0.00176573
0 0.0748338 0.831946 0.149668 0.321391 0.00176299
0 0.41166 0.829935 0.502441 0.340129 0.00176262
0 0.132049 0.0526315 0.240812 0.105263 0.00175715
0 0.0860433 0.453715 0.172087 0.268084 0.00175561
0 0.262084 0.612999 0.451498 0.774003 0.00175369
0 0.955821 0.751214 0.0883581 0.489256 0.00175109
0 0.027913 0.484578 0.055826 0.275762 0.0017413
0 0.30226 0.481704 0.435785 0.712305 0.00174113
0 0.0277687 0.542706 0.0555374 0.270551 0.00173645
0 0.335217 0.3834 0.562222 0.766801 0.00173529
0 0.568054 0.429516 0.472542 0.715177 0.00173421
0 0.925932 0.12853 0.148136 0.257059 0.001723
0 0.0258506 0.147933 0.0517012 0.27335 0.00171542
0 0.862926 0.520549 0.274147 0.703304 0.00171518
0 0.597678 0.154096 0.328026 0.308192 0.00170463
0 0.270514 0.629186 0.328147 0.512338 0.00170377
0 0.0815692 0.876326 0.163138 0.247348 0.00170374
0 0.317876 0.921681 0.209863 0.156638 0.00169973
0 0.523214 0.528997 0.527321 0.809623 0.00169967
0 0.203037 0.339465 0.386829 0.678929 0.00169365
0 0.834633 0.940262 0.264274 0.119476 0.0016933
0 0.142044 0.57154 0.264472 0.567865 0.00169078
0 0.0663483 0.2167 0.132697 0.286269 0.00167625
0 0.023855 0.210494 0.0477099 0.257739 0.00167373
0 0.811711 0.134181 0.332209 0.268362 0.00167349
0 0.735058 0.938596 0.254428 0.122808 0.00166985
0 0.0313898 0.111761 0.0627796 0.223523 0.00166773
0 0.39893 0.929345 0.245842 0.141309 0.0016638
0 0.746316 0.827663 0.476595 0.344674 0.00165773
0 0.0391844 0.0810954 0.0783687 0.162191 0.00165667
0 0.975768 0.284086 0.048464 0.464736 0.00165654
0 0.0298955 0.599547 0.059791 0.269296 0.00164988
0 0.15904 0.900724 0.193496 0.198553 0.00164847
0 0.260308 0.91087 0.183146 0.178259 0.00164272
0 0.180474 0.445309 0.333891 0.606819 0.00164126
0 0.101706 0.925663 0.203413 0.148674 0.00164031
0 0.904724 0.709156 0.190552 0.516884 0.00163426
0 0.0395683 0.769889 0.0791365 0.294726 0.0016315
0 0.844745 0.267271 0.15584 0.177836 0.00162013
0 0.0419178 0.82606 0.0838357 0.312499 0.00161981
0 0.206239 0.576017 0.29212 0.456816 0.00161762
0 0.85424 0.696199 0.291519 0.48169 0.00161308
0 0.192814 0.901809 0.185927 0.196382 0.00160966
0 0.148498 0.0700906 0.296995 0.140181 0.00159899
0 0.460179 0.938805 0.242566 0.122389 0.00159874
0 0.371487 0.486812 0.545928 0.773853 0.00159745
0 0.615625 0.939054 0.242004 0.121893 0.00159559
0 0.955308 0.205615 0.0893846 0.41123 0.00158482
0 0.236284 0.437304 0.399104 0.693891 0.00158353
0 0.228523 0.905871 0.178341 0.188259 0.00157651
0 0.782298 0.0519382 0.250142 0.103876 0.00157468
0 0.0323186 0.65722 0.0646372 0.271574 0.00157236
0 0.246974 0.459048 0.176951 0.153848 0.00157117
0 0.964828 0.231708 0.0703432 0.463416 0.00156309
0 0.78247 0.162566 0.154014 0.306624 0.00155371
0 0.0348301 0.712445 0.0696602 0.277308 0.00155124
0 0.273073 0.533329 0.365671 0.508203 0.00155102
0 0.0290492 0.32273 0.0580985 0.257334 0.00154527
0 0.889313 0.61116 0.221374 0.564041 0.00153793
0 0.212574 0.446262 0.0950487 0.119386 0.00153689
0 0.693989 0.414991 0.444767 0.829982 0.00153497
0 0.0261444 0.264888 0.0522889 0.258221 0.00152226
0 0.519939 0.939 0.242393 0.122 0.00151501
0 0.681441 0.536725 0.368855 0.662559 0.00151447
0 0.569363 0.051855 0.241393 0.10371 0.00150395
0 0.192883 0.481078 0.208542 0.332189 0.00149544
0 0.349012 0.0491436 0.238394 0.0982871 0.00148506
0 0.153371 0.927406 0.219683 0.145188 0.00147885
0 0.0409549 0.868137 0.0819097 0.263725 0.00147212
0 0.34655 0.133487 0.336334 0.266973 0.0014719
0 0.80123 0.596907 0.392485 0.668535 0.00147185
0 0.192551 0.0527629 0.23992 0.105526 0.00146743
0 0.632423 0.0532966 0.233261 0.106593 0.00145208
0 0.735503 0.499926 0.397636 0.733924 0.00144998
0 0.146686 0.46598 0.164005 0.2052 0.00144616
0 0.507728 0.0481716 0.237163 0.0963432 0.00144281
0 0.447061 0.0482647 0.232137 0.0965295 0.00142393
0 0.280188 0.93249 0.222644 0.135021 0.00142259
0 0.821246 0.213258 0.0995233 0.159051 0.0014168
0 0.287071 0.049924 0.236911 0.0998479 0.0014131
0 0.838385 0.612385 0.323231 0.619325 0.00140758
0 0.537337 0.160238 0.327287 0.320476 0.00140134
0 0.218512 0.928712 0.216944 0.142576 0.0013996
0 0.404984 0.129775 0.32039 0.259549 0.0013803
0 0.213858 0.096915 0.317991 0.19383 0.00137831
0 0.338607 0.936828 0.231093 0.126343 0.00136794
0 0.146394 0.442605 0.138922 0.150027 0.00136609
0 0.0969858 0.0525632 0.193972 0.105126 0.00136088
0 0.471933 0.14235 0.318847 0.2847 0.0013326
0 0.286766 0.117821 0.336575 0.235643 0.00132559
0 0.594902 0.450869 0.0151682 0.0245981 0.00131689
0 0.184147 0.457192 0.137073 0.169792 0.00131053
0 0.179065 0.445015 0.107355 0.13069 0.00127349
0 0.0766718 0.134563 0.153344 0.269127 0.00125346
0 0.255785 0.460688 0.0305065 0.0653245 0.00121655
0 0.638953 0.0877245 0.284235 0.175449 0.00119347
0 0.100073 0.155754 0.200146 0.311507 0.00117149
0 0.11355 0.413211 0.0563987 0.133862 0.00116686
0 0.0979813 0.397576 0.122483 0.126964 0.00116377
0 0.26111 0.47303 0.0155986 0.0300945 0.00108586
0 0.70465 0.0643464 0.259426 0.128693 0.00106558
