0 0.732375 0.380889 0.01325 0.0226667 1
0 0.73217 0.421001 0.0168057 0.0283392 0.020356
0 0.76005 0.725285 0.44443 0.549429 0.0124525
0 0.732186 0.410926 0.0162244 0.0261796 0.0101213
0 0.732194 0.429991 0.0173301 0.0266106 0.00635162
0 0.785304 0.787644 0.364344 0.424713 0.00577772
0 0.7515 0.657124 0.484753 0.685751 0.0053165
0 0.74197 0.303959 0.017751 0.0368221 0.00523693
0 0.836884 0.195311 0.326231 0.390622 0.0049128
0 0.740363 0.296103 0.014711 0.0299801 0.00471119
0 0.327162 0.775402 0.372025 0.449195 0.00428866
0 0.753335 0.432701 0.49333 0.641527 0.00420096
0 0.689093 0.693016 0.484388 0.613968 0.00397491
0 0.809073 0.246775 0.381854 0.49355 0.00389402
0 0.737033 0.353927 0.508551 0.707854 0.00383545
0 0.44656 0.766972 0.376645 0.466055 0.00380952
0 0.473615 0.23604 0.401208 0.47208 0.00356563
0 0.82166 0.723448 0.356679 0.553104 0.00353429
0 0.45691 0.784523 0.27203 0.430955 0.00340069
0 0.724743 0.171506 0.451059 0.343012 0.00336059
0 0.892067 0.170127 0.215866 0.340254 0.00334998
0 0.732167 0.420118 0.023005 0.037786 0.00331003
0 0.705539 0.763268 0.471979 0.473464 0.00324646
0 0.759543 0.58517 0.480914 0.758182 0.00317053
0 0.275584 0.784972 0.356795 0.430055 0.00314488
0 0.707838 0.319624 0.521503 0.639248 0.0030522
0 0.414599 0.213743 0.404653 0.427485 0.00304689
0 0.409728 0.717719 0.418947 0.564563 0.00299202
0 0.731714 0.392845 0.0129551 0.0225456 0.00292042
0 0.787833 0.317037 0.424335 0.634075 0.00287022
0 0.331315 0.174574 0.433033 0.349148 0.00276449
0 0.204824 0.791503 0.359797 0.416994 0.0027414
0 0.25426 0.155208 0.463392 0.310415 0.00254255
0 0.0387534 0.0566058 0.0775069 0.113212 0.00251605
0 0.687789 0.247485 0.501886 0.49497 0.00247749
0 0.502733 0.730818 0.142546 0.533198 0.0024604
0 0.518154 0.415419 0.112141 0.433221 0.00245942
0 0.712277 0.455978 0.484446 0.877992 0.00244906
0 0.506479 0.352057 0.151354 0.503603 0.00244445
0 0.462427 0.679497 0.376814 0.641005 0.00239747
0 0.741002 0.2332 0.517996 0.4664 0.00237416
0 0.170246 0.767654 0.340492 0.464692 0.00237039
0 0.797453 0.445996 0.405094 0.545928 0.00234474
0 0.437616 0.911888 0.233187 0.176223 0.00233362
0 0.922258 0.776471 0.155484 0.447058 0.0023182
0 0.520485 0.470462 0.095137 0.383779 0.002317
0 0.211167 0.132872 0.422333 0.265743 0.00226425
0 0.616182 0.9165 0.250535 0.167 0.00225282
0 0.938249 0.917552 0.123501 0.164895 0.00224571
0 0.771572 0.839101 0.357082 0.321799 0.00223537
0 0.490358 0.291176 0.208276 0.566788 0.00222661
0 0.199955 0.816723 0.323242 0.366554 0.00222638
0 0.458321 0.398665 0.423107 0.797331 0.00221251
0 0.59531 0.848849 0.404741 0.302302 0.00220647
0 0.540785 0.44016 0.0646042 0.301167 0.00216233
0 0.954447 0.153192 0.0911066 0.306383 0.00213581
0 0.239238 0.759688 0.370766 0.480624 0.00210384
0 0.909657 0.828362 0.180686 0.343276 0.0021024
0 0.920421 0.0653225 0.159158 0.130645 0.0020798
0 0.421623 0.855627 0.347244 0.288745 0.00207748
0 0.154945 0.811643 0.30989 0.376714 0.00207232
0 0.630877 0.754936 0.422215 0.490127 0.00206232
0 0.368947 0.736892 0.368057 0.526216 0.00204322
0 0.473744 0.268674 0.2767 0.537348 0.00203268
0 0.514836 0.646748 0.100935 0.446632 0.00202769
0 0.542909 0.391959 0.0665773 0.292404 0.00200304
0 0.475007 0.528907 0.320721 0.711199 0.00197972
0 0.118853 0.800054 0.237707 0.399892 0.0019756
0 0.517619 0.581281 0.0913855 0.395651 0.0019708
0 0.457739 0.302999 0.458516 0.605998 0.00196848
0 0.0668927 0.443132 0.133785 0.468232 0.00196738
0 0.923254 0.886037 0.153492 0.227926 0.00196122
0 0.110724 0.856916 0.221447 0.286167 0.00194232
0 0.2298 0.328531 0.4596 0.657062 0.00194215
0 0.937363 0.801223 0.125273 0.397554 0.00194075
0 0.855031 0.140787 0.289938 0.281574 0.00193724
0 0.743068 0.321877 0.0191469 0.0277249 0.00193456
0 0.799284 0.539421 0.401432 0.526188 0.00191872
0 0.771886 0.331826 0.456228 0.641448 0.00191722
0 0.828524 0.299267 0.342953 0.598533 0.00191255
0 0.512158 0.792936 0.129259 0.408224 0.00190594
0 0.554843 0.117786 0.190473 0.235571 0.00190549
0 0.0855687 0.92015 0.171137 0.159699 0.0018947
0 0.940691 0.18337 0.118618 0.36674 0.00188488
0 0.646203 0.936986 0.237178 0.126028 0.00188357
0 0.0700389 0.447396 0.140078 0.279664 0.00188137
0 0.881158 0.0571611 0.237684 0.114322 0.00186888
0 0.0936567 0.380976 0.187313 0.506704 0.00186057
0 0.67467 0.577633 0.482412 0.790555 0.00185443
0 0.0473409 0.90688 0.0946819 0.18624 0.0018427
0 0.772492 0.904869 0.270748 0.190262 0.00184174
0 0.873083 0.264303 0.253834 0.487516 0.00183979
0 0.276611 0.838675 0.385109 0.32265 0.00183974
0 0.901243 0.398649 0.197514 0.433168 0.00183825
0 0.431544 0.936983 0.238456 0.126034 0.00183486
0 0.277716 0.366099 0.478693 0.732198 0.0018285
0 0.873829 0.528145 0.252342 0.485495 0.00181978
0 0.0708322 0.397654 0.141664 0.274528 0.00181178
0 0.167696 0.117843 0.335392 0.235685 0.00180965
0 0.150613 0.857329 0.247075 0.285343 0.00180187
0 0.482023 0.636714 0.273098 0.674483 0.0017984
0 0.937164 0.729636 0.125672 0.533849 0.0017935
0 0.359328 0.287075 0.487875 0.574149 0.00179295
0 0.71143 0.92599 0.246638 0.148019 0.00178552
0 0.468204 0.824547 0.23607 0.350907 0.00178471
0 0.0650112 0.0588148 0.130022 0.11763 0.00177919
0 0.316286 0.920688 0.273374 0.158624 0.00177657
0 0.47197 0.132387 0.331926 0.264774 0.0017763
0 0.642246 0.654073 0.41672 0.691855 0.00177151
0 0.667447 0.384001 0.466814 0.768002 0.00176655
0 0.686671 0.833015 0.439568 0.333969 0.00176647
0 0.909541 0.93236 0.180918 0.135279 0.00176606
0 0.885945 0.908105 0.228109 0.183791 0.00176531
0 0.589901 0.937363 0.239063 0.125275 0.00176355
0 0.0509306 0.925717 0.101861 0.148565 0.00176351
0 0.425103 0.477045 0.405515 0.769497 0.00176152
0 0.537646 0.52452 0.0611107 0.297825 0.00175629
0 0.0360955 0.0855448 0.072191 0.17109 0.00175586
0 0.640504 0.543184 0.286835 0.591285 0.00175322
0 0.690166 0.144784 0.345643 0.289567 0.00174707
0 0.139984 0.664249 0.279968 0.638281 0.00174266
0 0.0691173 0.34298 0.138235 0.261986 0.00174251
0 0.0602457 0.533111 0.120491 0.473888 0.00173582
0 0.0282249 0.110485 0.0564498 0.22097 0.00173441
0 0.279736 0.756017 0.249763 0.487966 0.00172884
0 0.545473 0.228415 0.0855806 0.263835 0.00172654
0 0.0807436 0.843222 0.161487 0.313557 0.00170722
0 0.129302 0.913624 0.208386 0.172752 0.00170721
0 0.236886 0.73836 0.273508 0.52328 0.00169874
0 0.0889257 0.8909 0.177851 0.2182 0.00169841
0 0.210441 0.232772 0.420883 0.465543 0.00169762
0 0.808506 0.890942 0.285432 0.218117 0.00169488
0 0.804915 0.93586 0.245635 0.128279 0.00169332
0 0.917139 0.128753 0.165722 0.257506 0.00169325
0 0.545717 0.33424 0.0697964 0.276273 0.00168191
0 0.856594 0.427607 0.286812 0.51201 0.00167943
0 0.382108 0.378947 0.44691 0.757894 0.00167696
0 0.252433 0.917495 0.224749 0.165009 0.00167324
0 0.0709211 0.541769 0.141842 0.309735 0.00166849
0 0.216867 0.85324 0.26908 0.293521 0.00166326
0 0.614691 0.4912 0.208718 0.453492 0.00166233
0 0.19011 0.912236 0.21646 0.175528 0.00166141
0 0.429204 0.574275 0.365077 0.662593 0.00165804
0 0.930252 0.416432 0.139496 0.452931 0.00165723
0 0.74771 0.127678 0.33306 0.255357 0.00165456
0 0.253888 0.701374 0.19006 0.486149 0.00164462
0 0.0359069 0.42968 0.0718138 0.27768 0.0016367
0 0.916853 0.626996 0.166293 0.47729 0.00163311
0 0.27778 0.743583 0.202587 0.512833 0.00163109
0 0.261826 0.398175 0.427027 0.773947 0.00163087
0 0.201456 0.683254 0.249101 0.516823 0.00162841
0 0.160404 0.673475 0.272938 0.546933 0.00162833
0 0.0245764 0.14709 0.0491528 0.260687 0.00162754
0 0.0725218 0.931794 0.145044 0.136413 0.00162642
0 0.731575 0.377652 0.0123082 0.0356878 0.0016245
0 0.547702 0.27733 0.0747143 0.252625 0.00162448
0 0.84344 0.860395 0.31312 0.279209 0.00162182
0 0.474984 0.0511041 0.235722 0.102208 0.00161833
0 0.74509 0.32013 0.0245292 0.0283328 0.0016172
0 0.034413 0.377438 0.0688259 0.269757 0.00161692
0 0.0312684 0.767073 0.0625368 0.277004 0.00161651
0 0.529596 0.711928 0.0729489 0.383568 0.00161534
0 0.353338 0.744917 0.288221 0.510166 0.00161096
0 0.177865 0.701363 0.355729 0.597273 0.00160942
0 0.192099 0.048476 0.245247 0.096952 0.00160652
0 0.0351598 0.829109 0.0703196 0.292639 0.00160566
0 0.0350748 0.481647 0.0701496 0.280885 0.00160282
0 0.362781 0.86309 0.39862 0.273821 0.00159803
0 0.307879 0.697321 0.192046 0.491497 0.0015979
0 0.0715492 0.278124 0.143098 0.243882 0.00159567
0 0.181049 0.370107 0.362098 0.740215 0.00158921
0 0.15559 0.624794 0.225728 0.512303 0.0015879
0 0.535899 0.170788 0.136451 0.341576 0.00158759
0 0.739603 0.28221 0.0128989 0.0170339 0.00158426
0 0.0233746 0.212713 0.0467493 0.245597 0.00157842
0 0.38974 0.621627 0.313974 0.567068 0.00157445
0 0.0752264 0.789945 0.150453 0.306778 0.00157096
0 0.815863 0.126479 0.337331 0.252959 0.00156866
0 0.560764 0.252284 0.0700796 0.209244 0.00156573
0 0.187632 0.613211 0.194066 0.457121 0.00156233
0 0.554347 0.455568 0.0562429 0.280493 0.00156024
0 0.0308282 0.650788 0.0616564 0.267434 0.0015592
0 0.287279 0.0501681 0.239004 0.100336 0.00155876
0 0.0332803 0.59263 0.0665606 0.273549 0.00155635
0 0.0283679 0.707635 0.0567358 0.266993 0.00155543
0 0.0255502 0.268517 0.0511004 0.25245 0.00154834
0 0.0340472 0.535847 0.0680943 0.279982 0.00154003
0 0.182281 0.266972 0.364562 0.533944 0.00153904
0 0.135845 0.314969 0.271691 0.475881 0.00153846
0 0.592945 0.456915 0.159239 0.362923 0.00153687
0 0.172803 0.432391 0.345607 0.70212 0.00153628
0 0.342661 0.690768 0.219904 0.500407 0.00153557
0 0.557622 0.919035 0.240386 0.16193 0.00153231
0 0.383165 0.711697 0.266016 0.532175 0.00152901
0 0.631687 0.632142 0.321244 0.63096 0.00152768
0 0.413425 0.0443432 0.233318 0.0886864 0.00152762
0 0.030287 0.32441 0.060574 0.26179 0.00152324
0 0.129719 0.0509879 0.248079 0.101976 0.00152092
0 0.732318 0.426847 0.0239043 0.041123 0.00151947
0 0.53926 0.798567 0.105321 0.402866 0.00151724
0 0.818522 0.051438 0.24086 0.102876 0.00151475
0 0.363687 0.471161 0.385333 0.661433 0.00151375
0 0.93786 0.568666 0.124281 0.548259 0.00151355
0 0.744527 0.937533 0.230454 0.124934 0.00150992
0 0.851692 0.788499 0.296615 0.423001 0.0015098
0 0.350438 0.0465761 0.235247 0.0931523 0.0015077
0 0.939977 0.313529 0.120046 0.513963 0.00150411
0 0.127075 0.562627 0.254149 0.639466 0.00149657
0 0.69067 0.0518994 0.249232 0.103799 0.00149443
0 0.216027 0.629257 0.185041 0.464884 0.0014935
0 0.305169 0.938772 0.239259 0.122456 0.00149335
0 0.275284 0.654108 0.196313 0.497207 0.0014896
0 0.208079 0.535026 0.337682 0.581847 0.00148824
0 0.0739655 0.720203 0.147931 0.28528 0.00148668
0 0.309647 0.119919 0.330276 0.239838 0.00148542
0 0.533248 0.646947 0.0638922 0.345546 0.00147582
0 0.072175 0.596082 0.14435 0.301424 0.00147581
0 0.556276 0.412567 0.0597651 0.258545 0.00147079
0 0.535881 0.581936 0.0617874 0.320587 0.00146774
0 0.549871 0.820098 0.241354 0.359804 0.00146628
0 0.843973 0.609426 0.312054 0.515715 0.00146582
0 0.523403 0.866227 0.313124 0.267546 0.00146505
0 0.756214 0.0510562 0.238682 0.102112 0.00146434
0 0.068455 0.730387 0.13691 0.510896 0.00146385
0 0.078262 0.208889 0.156524 0.241374 0.00146232
0 0.691843 0.272275 0.404878 0.544549 0.00145727
0 0.633862 0.0526549 0.238067 0.10531 0.00145636
0 0.0730044 0.657461 0.146009 0.282569 0.00145354
0 0.929965 0.34345 0.14007 0.387751 0.00145042
0 0.514082 0.0646668 0.25872 0.129334 0.00144946
0 0.0372273 0.877297 0.0744546 0.245406 0.00144887
0 0.551899 0.533765 0.0527556 0.292561 0.00143761
0 0.219849 0.585035 0.236263 0.506454 0.00143586
0 0.24584 0.133273 0.345247 0.266545 0.00142944
0 0.567436 0.172852 0.0912673 0.295079 0.0014294
0 0.31924 0.588032 0.27701 0.532795 0.00142359
0 0.927901 0.257323 0.144198 0.433539 0.00142255
0 0.497798 0.910243 0.263553 0.179514 0.00141299
0 0.374682 0.124861 0.32435 0.249722 0.00141081
0 0.0631645 0.655581 0.126329 0.478085 0.00140915
0 0.291329 0.515809 0.337839 0.56688 0.00140901
0 0.910002 0.469377 0.179995 0.484098 0.00140878
0 0.548899 0.660116 0.0711406 0.359987 0.00140451
0 0.480864 0.936115 0.253508 0.12777 0.00139232
0 0.277041 0.58765 0.232999 0.507046 0.00138715
0 0.541489 0.0529572 0.226129 0.105914 0.00138319
0 0.732589 0.394337 0.017124 0.0238992 0.0013783
0 0.549953 0.596518 0.0604322 0.339151 0.00137813
0 0.547343 0.721184 0.080174 0.379889 0.00136178
0 0.152548 0.933341 0.225115 0.133319 0.0013591
0 0.0867305 0.126851 0.173461 0.253703 0.00133602
0 0.862174 0.931899 0.24926 0.136201 0.00133363
0 0.214366 0.934119 0.229508 0.131761 0.00133287
0 0.560182 0.290951 0.0663178 0.203283 0.00131845
0 0.364617 0.937585 0.241664 0.124831 0.00131005
0 0.667073 0.108493 0.324749 0.216987 0.00130209
0 0.145437 0.230039 0.290874 0.436916 0.00129873
0 0.669829 0.23641 0.316093 0.276004 0.00129098
0 0.095517 0.0525301 0.191034 0.10506 0.00128728
0 0.645732 0.275453 0.265341 0.228025 0.00127457
0 0.558621 0.351533 0.0632468 0.233932 0.00125119
0 0.598647 0.0823193 0.16532 0.164639 0.00124719
0 0.613747 0.331097 0.201755 0.264441 0.00124519
0 0.649445 0.0788648 0.26328 0.15773 0.00109984
0 0.731762 0.444496 0.0195405 0.0245281 0.00106555
