0 0.856125 0.537556 0.01775 0.0355556 1
0 0.428 0.301111 0.01375 0.0315555 1
0 0.154704 0.792891 0.309408 0.414218 0.0043281
0 0.211957 0.786553 0.303842 0.426894 0.00383364
0 0.657851 0.678484 0.524562 0.643032 0.00325515
0 0.274288 0.770698 0.321757 0.458605 0.00310712
0 0.104903 0.797996 0.209806 0.404008 0.00307505
0 0.839378 0.248887 0.321245 0.497774 0.00301302
0 0.313135 0.192643 0.412868 0.385286 0.0028822
0 0.333693 0.752265 0.396032 0.495469 0.00284798
0 0.94486 0.184901 0.11028 0.369801 0.00275768
0 0.382174 0.714895 0.436644 0.570211 0.00271709
0 0.172429 0.17775 0.344857 0.3555 0.00257725
0 0.536942 0.666471 0.536639 0.667058 0.00256522
0 0.0395174 0.0576649 0.0790347 0.11533 0.00253551
0 0.394737 0.160204 0.438306 0.320409 0.00250435
0 0.20293 0.768689 0.186559 0.462621 0.00244929
0 0.254046 0.752622 0.217656 0.494757 0.00244928
0 0.458487 0.19855 0.449658 0.3971 0.00244767
0 0.898555 0.752394 0.20289 0.495213 0.00242157
0 0.956506 0.802682 0.0869884 0.394637 0.00240091
0 0.804703 0.236527 0.370378 0.473055 0.00239667
0 0.96217 0.148812 0.0756597 0.297624 0.00238414
0 0.436037 0.66918 0.521373 0.66164 0.00237056
0 0.810165 0.678579 0.37967 0.642842 0.00236564
0 0.0849379 0.833808 0.169876 0.332385 0.00234488
0 0.140029 0.774637 0.240672 0.450725 0.002321
0 0.623431 0.246741 0.395682 0.493481 0.00227171
0 0.922755 0.0662637 0.154489 0.132527 0.00226699
0 0.887116 0.600397 0.225768 0.491471 0.00225048
0 0.759805 0.675669 0.480389 0.648663 0.00224363
0 0.96971 0.761864 0.0605809 0.451673 0.00223975
0 0.940111 0.0794768 0.119779 0.158954 0.00222146
0 0.968393 0.363558 0.0632148 0.405095 0.00213317
0 0.0685064 0.780433 0.137013 0.439133 0.00213278
0 0.546094 0.239529 0.430348 0.479058 0.00211135
0 0.948438 0.287431 0.103125 0.424503 0.00209137
0 0.90488 0.610106 0.19024 0.499172 0.00208179
0 0.121712 0.840889 0.243425 0.318221 0.00207528
0 0.973 0.298063 0.0540001 0.372043 0.00207476
0 0.807645 0.567609 0.384709 0.623519 0.00205923
0 0.0914933 0.925097 0.182987 0.149805 0.00205438
0 0.866814 0.809011 0.266372 0.381978 0.00203571
0 0.947666 0.376796 0.104668 0.486762 0.00203295
0 0.521087 0.513326 0.407849 0.718635 0.002028
0 0.935364 0.51609 0.129273 0.418005 0.00201919
0 0.300976 0.261395 0.47616 0.522791 0.0020187
0 0.720152 0.748316 0.478123 0.503369 0.00201761
0 0.940349 0.918261 0.119301 0.163477 0.0020097
0 0.746762 0.174514 0.370225 0.349028 0.00200631
0 0.661958 0.19535 0.390893 0.3907 0.00200234
0 0.294105 0.325455 0.441047 0.65091 0.00199886
0 0.0705504 0.702905 0.141101 0.516959 0.00199731
0 0.409343 0.348143 0.53907 0.696286 0.00199208
0 0.214206 0.142599 0.407139 0.285197 0.00198391
0 0.193 0.76658 0.141512 0.466841 0.00196543
0 0.596833 0.723403 0.51293 0.553194 0.00196273
0 0.460224 0.424348 0.493538 0.848695 0.00195209
0 0.970452 0.172446 0.0590963 0.344891 0.00194758
0 0.603058 0.390394 0.47849 0.780788 0.00194411
0 0.565088 0.915705 0.296128 0.168589 0.0019384
0 0.163083 0.77209 0.151596 0.455819 0.00192893
0 0.603635 0.615788 0.541732 0.695232 0.00191493
0 0.0713121 0.732665 0.142624 0.304811 0.00190789
0 0.219838 0.759598 0.139155 0.480804 0.00190669
0 0.304787 0.746472 0.199652 0.507055 0.00190419
0 0.364452 0.74338 0.275944 0.513239 0.00187743
0 0.0721666 0.789789 0.144333 0.316822 0.00187443
0 0.0351248 0.766375 0.0702496 0.290508 0.00187054
0 0.923966 0.127679 0.152068 0.255359 0.00186542
0 0.933258 0.836591 0.133484 0.326817 0.00186525
0 0.374395 0.244057 0.52758 0.488114 0.00186444
0 0.442806 0.688469 0.390929 0.623062 0.00185872
0 0.873095 0.14169 0.25381 0.28338 0.00184316
0 0.243937 0.737059 0.147726 0.478588 0.00184096
0 0.334165 0.937298 0.239581 0.125405 0.00183888
0 0.435278 0.831426 0.493375 0.337148 0.00183848
0 0.0704743 0.673761 0.140949 0.303975 0.00183834
0 0.0544631 0.913343 0.108926 0.173314 0.00182822
0 0.271331 0.918517 0.243772 0.162966 0.00182727
0 0.354371 0.9208 0.273765 0.158399 0.00182682
0 0.714018 0.597127 0.524017 0.727122 0.00181751
0 0.0286505 0.482521 0.057301 0.275391 0.00181706
0 0.604025 0.324361 0.524459 0.648721 0.00181701
0 0.250028 0.706366 0.251366 0.535858 0.00181464
0 0.487556 0.602984 0.497607 0.794031 0.00181239
0 0.689662 0.906996 0.297307 0.186007 0.00180902
0 0.0356864 0.827184 0.0713729 0.322534 0.00180504
0 0.891276 0.27998 0.217449 0.559961 0.001798
0 0.942575 0.585087 0.114849 0.439591 0.00179634
0 0.803885 0.845963 0.39223 0.308074 0.00179172
0 0.643661 0.481001 0.503473 0.819679 0.00179103
0 0.211188 0.917909 0.239318 0.164182 0.00179031
0 0.0382026 0.0872699 0.0764052 0.17454 0.00178981
0 0.397326 0.937491 0.24161 0.125019 0.00178452
0 0.637024 0.286625 0.503035 0.57325 0.00177801
0 0.971415 0.679726 0.0571707 0.445387 0.00177593
0 0.157381 0.135128 0.314762 0.270256 0.00176079
0 0.0318131 0.114603 0.0636261 0.229207 0.00175875
0 0.767156 0.549779 0.465688 0.737294 0.00175567
0 0.0699537 0.552358 0.139907 0.281364 0.00175475
0 0.0697025 0.339339 0.139405 0.281791 0.00175364
0 0.909634 0.332515 0.154451 0.470537 0.00174615
0 0.409457 0.91814 0.295958 0.163719 0.00174581
0 0.913711 0.904078 0.172578 0.191843 0.00174258
0 0.142333 0.920234 0.252647 0.159532 0.00174224
0 0.0681823 0.611512 0.136365 0.295317 0.00173902
0 0.182579 0.279151 0.365158 0.558302 0.00173894
0 0.162988 0.750191 0.200073 0.499617 0.00173676
0 0.0646514 0.058765 0.129303 0.11753 0.00173484
0 0.070606 0.389941 0.141212 0.28558 0.00173124
0 0.0282685 0.536878 0.0565369 0.278084 0.00173074
0 0.223232 0.180049 0.409103 0.360097 0.0017307
0 0.979622 0.236322 0.0407568 0.446769 0.00172875
0 0.865224 0.922946 0.251286 0.154109 0.00172824
0 0.0704142 0.423339 0.140828 0.513805 0.0017262
0 0.882269 0.0563439 0.235462 0.112688 0.00172394
0 0.893048 0.919338 0.213903 0.161324 0.00172111
0 0.299538 0.734029 0.159669 0.488962 0.00172074
0 0.296199 0.621988 0.414221 0.673011 0.00171758
0 0.520149 0.828034 0.489962 0.343932 0.0017159
0 0.065591 0.569266 0.131182 0.488972 0.00171502
0 0.28325 0.14226 0.322284 0.284521 0.00170988
0 0.119131 0.739324 0.238263 0.521351 0.00170982
0 0.0306243 0.653777 0.0612486 0.274861 0.00170511
0 0.199715 0.704949 0.290084 0.547539 0.00170285
0 0.66819 0.827007 0.458434 0.345986 0.00169794
0 0.945142 0.872913 0.109715 0.254173 0.00169326
0 0.332893 0.847146 0.444267 0.305708 0.00168884
0 0.0290909 0.594788 0.0581818 0.277532 0.00168672
0 0.967505 0.61932 0.06499 0.463132 0.00168291
0 0.231635 0.265937 0.40429 0.531874 0.00167304
0 0.0279123 0.145767 0.0558245 0.277607 0.00167095
0 0.0292907 0.42875 0.0585815 0.276837 0.00166891
0 0.470256 0.282255 0.535057 0.564509 0.00166247
0 0.0308781 0.708842 0.0617563 0.273933 0.00166061
0 0.50022 0.91753 0.305191 0.164939 0.00165746
0 0.511552 0.357375 0.527908 0.71475 0.00165569
0 0.817819 0.91951 0.276222 0.160979 0.00165446
0 0.723941 0.306794 0.465059 0.613587 0.0016526
0 0.870662 0.362497 0.216947 0.518108 0.00165138
0 0.744135 0.896841 0.305034 0.206318 0.00165023
0 0.072072 0.499807 0.144144 0.275017 0.00164716
0 0.333849 0.413637 0.496115 0.827274 0.0016457
0 0.128284 0.0525589 0.246047 0.105118 0.00164531
0 0.833685 0.778237 0.33263 0.443526 0.00164378
0 0.58502 0.939547 0.240032 0.120905 0.00164285
0 0.588996 0.475423 0.52304 0.684018 0.00163748
0 0.0263306 0.209678 0.0526611 0.263577 0.00162854
0 0.0272411 0.265969 0.0544823 0.267398 0.00162617
0 0.738026 0.836326 0.421598 0.327347 0.00162146
0 0.0772034 0.935339 0.154407 0.129322 0.00161968
0 0.242678 0.936842 0.234457 0.126316 0.00161871
0 0.0721066 0.443653 0.144213 0.289525 0.00161589
0 0.0723251 0.281041 0.14465 0.281327 0.00161511
0 0.866555 0.517843 0.26689 0.545627 0.00160759
0 0.160919 0.681681 0.321839 0.618961 0.00160564
0 0.267656 0.877649 0.361929 0.244702 0.00160395
0 0.806668 0.310811 0.386663 0.621622 0.00160149
0 0.286543 0.0512981 0.240571 0.102596 0.0015971
0 0.333281 0.733902 0.181889 0.496792 0.00158234
0 0.0279684 0.31897 0.0559369 0.268655 0.00157696
0 0.903696 0.530953 0.192608 0.556378 0.00157673
0 0.0292106 0.371632 0.0584212 0.273157 0.00156071
0 0.102769 0.299002 0.205537 0.550598 0.00155754
0 0.815941 0.124393 0.328551 0.248786 0.00155379
0 0.37859 0.482782 0.473113 0.855474 0.00155143
0 0.206056 0.631313 0.39782 0.634007 0.00155083
0 0.869616 0.385168 0.152896 0.446197 0.00154753
0 0.196337 0.0506399 0.233557 0.10128 0.00153559
0 0.45865 0.938566 0.240166 0.122867 0.00152946
0 0.882205 0.447023 0.189734 0.491732 0.00152741
0 0.175759 0.849792 0.351518 0.300415 0.00152358
0 0.289115 0.481474 0.463641 0.874919 0.00152109
0 0.0928544 0.885501 0.185709 0.228998 0.00151958
0 0.917087 0.45167 0.165825 0.521766 0.00151802
0 0.155572 0.23981 0.311144 0.479619 0.00151776
0 0.074181 0.208754 0.148362 0.299883 0.00151549
0 0.909852 0.932565 0.180295 0.13487 0.00151491
0 0.709006 0.938752 0.243805 0.122497 0.00151468
0 0.851103 0.437043 0.18465 0.461985 0.00151331
0 0.401148 0.730196 0.300526 0.539607 0.00151241
0 0.264908 0.391156 0.454458 0.782312 0.00151131
0 0.822779 0.350429 0.347183 0.59513 0.00149875
0 0.349774 0.0502048 0.239157 0.10041 0.00149803
0 0.179521 0.935493 0.232988 0.129013 0.00149247
0 0.819433 0.0534607 0.241662 0.106921 0.00149219
0 0.822086 0.402177 0.255702 0.518501 0.00148993
0 0.794311 0.454963 0.399314 0.69559 0.00148318
0 0.346514 0.137103 0.332188 0.274206 0.00147604
0 0.117276 0.937353 0.234553 0.125293 0.00146896
0 0.162228 0.3673 0.324456 0.734601 0.00146737
0 0.757453 0.0515079 0.23731 0.103016 0.00146314
0 0.832722 0.936417 0.238756 0.127167 0.00145317
0 0.767769 0.93769 0.246221 0.12462 0.00144968
0 0.741837 0.451229 0.472715 0.877543 0.00144617
0 0.47537 0.0512243 0.240104 0.102449 0.00144201
0 0.389087 0.602873 0.421417 0.694428 0.00143771
0 0.151774 0.569405 0.303548 0.730633 0.0014353
0 0.0395724 0.874088 0.0791448 0.251824 0.00143334
0 0.413388 0.050015 0.23707 0.10003 0.00142362
0 0.643169 0.938793 0.245446 0.122415 0.00141533
0 0.410224 0.136862 0.332243 0.273724 0.00141356
0 0.208419 0.530771 0.416838 0.734341 0.00138625
0 0.602282 0.0535746 0.239053 0.107149 0.00138018
0 0.521099 0.939069 0.246431 0.121861 0.00138005
0 0.539563 0.0524047 0.238219 0.104809 0.00137983
0 0.471935 0.140274 0.32943 0.280548 0.00135993
0 0.0811921 0.141555 0.162384 0.283109 0.00133555
0 0.175777 0.482356 0.351554 0.706465 0.00131728
0 0.66549 0.0514494 0.235491 0.102899 0.00131266
0 0.621387 0.137453 0.309683 0.274906 0.0012948
0 0.5317 0.145572 0.317429 0.291144 0.00127036
0 0.200817 0.377944 0.401633 0.654304 0.00125678
0 0.504398 0.262605 0.0342691 0.0765114 0.00125421
0 0.126567 0.181812 0.253134 0.363624 0.00125298
0 0.747993 0.120203 0.319921 0.240405 0.00122884
0 0.0950585 0.0528257 0.190117 0.105651 0.00122731
0 0.679451 0.118778 0.309738 0.237556 0.00114797
