0 0.751875 0.518222 0.00975 0.0160001 1
0 0.180497 0.725872 0.360994 0.548257 0.00446672
0 0.401858 0.227043 0.424047 0.454086 0.00339098
0 0.204982 0.648735 0.409965 0.702531 0.00324642
0 0.831063 0.152103 0.337874 0.304207 0.00318243
0 0.74061 0.161206 0.435562 0.322412 0.00295249
0 0.893179 0.144795 0.213642 0.28959 0.00279385
0 0.55261 0.31607 0.539937 0.632141 0.00277216
0 0.70441 0.815519 0.217199 0.368962 0.00274242
0 0.678457 0.177735 0.43642 0.355469 0.00270318
0 0.479598 0.662563 0.536546 0.674874 0.00258566
0 0.384594 0.330119 0.452014 0.660237 0.00256764
0 0.736376 0.842955 0.182472 0.31409 0.00254928
0 0.586109 0.176091 0.430706 0.352182 0.00251522
0 0.646588 0.7704 0.325788 0.4592 0.00247694
0 0.57808 0.685714 0.440296 0.628572 0.00242037
0 0.5375 0.450478 0.523565 0.825571 0.00240874
0 0.942333 0.616529 0.115335 0.415394 0.00240467
0 0.907943 0.322212 0.184113 0.630391 0.00239796
0 0.363935 0.698279 0.49592 0.603442 0.00237056
0 0.557371 0.251334 0.53875 0.502669 0.00234976
0 0.485466 0.153462 0.365821 0.306925 0.00234668
0 0.964681 0.775122 0.0706373 0.434933 0.00234328
0 0.223617 0.141243 0.39166 0.282485 0.0023129
0 0.533732 0.848019 0.379777 0.303962 0.00231276
0 0.78082 0.815606 0.170939 0.368788 0.0022753
0 0.873707 0.795571 0.252587 0.408859 0.00225574
0 0.0390172 0.0540436 0.0780343 0.108087 0.00225399
0 0.0584962 0.462033 0.116992 0.46472 0.00224361
0 0.59541 0.864524 0.325063 0.270951 0.00224318
0 0.933921 0.802368 0.132157 0.395264 0.00224179
0 0.704553 0.865264 0.175303 0.269472 0.00223625
0 0.307395 0.635993 0.495973 0.675301 0.00221922
0 0.928019 0.407846 0.143961 0.540311 0.00221323
0 0.972424 0.299604 0.0551516 0.4009 0.00220675
0 0.886974 0.276869 0.226051 0.553738 0.0021964
0 0.0687511 0.439928 0.137502 0.275599 0.00219357
0 0.257205 0.696122 0.504311 0.607757 0.00213354
0 0.160717 0.692405 0.321434 0.615191 0.00211101
0 0.310597 0.905863 0.320287 0.188274 0.00210433
0 0.919131 0.0605808 0.161738 0.121162 0.00210359
0 0.939563 0.916381 0.120873 0.167238 0.0021028
0 0.051991 0.525376 0.103982 0.450215 0.00210176
0 0.971338 0.542306 0.0573248 0.335479 0.00208577
0 0.823133 0.80464 0.185039 0.390719 0.0020672
0 0.93996 0.728085 0.12008 0.54383 0.00205337
0 0.793771 0.243876 0.412458 0.487752 0.00203862
0 0.78703 0.787552 0.208774 0.424897 0.00202833
0 0.191356 0.0947891 0.367518 0.189578 0.00201874
0 0.0733537 0.389181 0.146707 0.27551 0.00200737
0 0.976471 0.347042 0.0470585 0.441967 0.00200616
0 0.938537 0.0730711 0.122927 0.146142 0.00199077
0 0.964621 0.143693 0.0707584 0.287386 0.00198103
0 0.974059 0.633645 0.0518824 0.376875 0.00197278
0 0.940091 0.486543 0.119817 0.466576 0.00197151
0 0.103268 0.897192 0.206536 0.205616 0.00196441
0 0.618688 0.515871 0.518965 0.86948 0.00196345
0 0.815963 0.285921 0.368073 0.571843 0.00196222
0 0.973138 0.70338 0.0537241 0.398007 0.00195917
0 0.453004 0.282704 0.484311 0.565408 0.00195139
0 0.555091 0.376068 0.425878 0.741566 0.00194842
0 0.35737 0.939268 0.2618 0.121464 0.00193972
0 0.516504 0.571275 0.510878 0.857451 0.00193898
0 0.96921 0.483537 0.0615801 0.345627 0.00193851
0 0.419568 0.892231 0.3389 0.215538 0.00193691
0 0.359024 0.889595 0.344126 0.22081 0.00191973
0 0.651617 0.434807 0.0153289 0.0263841 0.00190469
0 0.73321 0.782515 0.282094 0.43497 0.00190027
0 0.490222 0.904732 0.330943 0.190535 0.00189842
0 0.619528 0.335056 0.532948 0.670113 0.0018979
0 0.157825 0.909728 0.255364 0.180544 0.00189611
0 0.888413 0.823171 0.223174 0.353657 0.00189512
0 0.907571 0.839259 0.184858 0.321482 0.00189488
0 0.122501 0.834369 0.245003 0.331262 0.00189394
0 0.981302 0.229574 0.0373964 0.453015 0.00188418
0 0.823841 0.781351 0.212646 0.437299 0.00188005
0 0.270752 0.819799 0.476116 0.360403 0.00187155
0 0.970136 0.415739 0.059727 0.353706 0.00186974
0 0.191701 0.0511984 0.248523 0.102397 0.00186956
0 0.774781 0.742641 0.293832 0.514717 0.00186876
0 0.710263 0.721568 0.369703 0.556865 0.00186643
0 0.366726 0.286752 0.421593 0.573504 0.00186251
0 0.669373 0.60218 0.453655 0.79564 0.00186229
0 0.314477 0.753649 0.492347 0.492702 0.00186224
0 0.0731269 0.920807 0.146254 0.158386 0.00185714
0 0.205058 0.825716 0.410115 0.348569 0.00184666
0 0.737885 0.358526 0.491929 0.717052 0.00184356
0 0.836992 0.387119 0.326016 0.774239 0.00183592
0 0.0482335 0.8978 0.0964671 0.204401 0.00183191
0 0.709637 0.908903 0.175555 0.182194 0.00183132
0 0.230937 0.413868 0.423236 0.827736 0.0018262
0 0.0662532 0.495516 0.132506 0.27367 0.00182468
0 0.691613 0.746861 0.364655 0.506278 0.00182437
0 0.406947 0.820537 0.500496 0.358925 0.00182144
0 0.0507756 0.923126 0.101551 0.153749 0.00182125
0 0.803751 0.753917 0.308834 0.492166 0.00181979
0 0.143145 0.773324 0.286289 0.453351 0.00180083
0 0.412032 0.93807 0.270944 0.12386 0.00180036
0 0.759369 0.262706 0.481262 0.525412 0.00179896
0 0.694676 0.273149 0.514184 0.546297 0.0017959
0 0.704948 0.623733 0.381406 0.565154 0.00179283
0 0.0658008 0.0545188 0.131602 0.109038 0.00179067
0 0.430417 0.303481 0.223067 0.287939 0.00177599
0 0.555024 0.908061 0.303357 0.183877 0.00177277
0 0.498946 0.258092 0.458462 0.516184 0.00177164
0 0.770988 0.678765 0.215374 0.412204 0.0017685
0 0.649875 0.668702 0.430356 0.662596 0.00176722
0 0.223263 0.200258 0.446525 0.400516 0.00176366
0 0.656249 0.91523 0.217359 0.16954 0.00175046
0 0.314666 0.642195 0.360582 0.623712 0.0017453
0 0.212954 0.892893 0.298802 0.214214 0.00174419
0 0.883069 0.772439 0.233861 0.455123 0.00173502
0 0.975671 0.175123 0.0486581 0.350245 0.00173438
0 0.816419 0.849137 0.180157 0.301726 0.00173389
0 0.186899 0.466876 0.373798 0.716387 0.00172782
0 0.110456 0.0506012 0.220912 0.101202 0.00172558
0 0.89399 0.685239 0.212019 0.506897 0.00172168
0 0.467458 0.349598 0.190046 0.229758 0.00172122
0 0.821724 0.901066 0.189835 0.197868 0.00171818
0 0.87983 0.0538036 0.240341 0.107607 0.00171765
0 0.483343 0.938055 0.254123 0.12389 0.0017151
0 0.76171 0.900118 0.186833 0.199764 0.00171441
0 0.388575 0.284154 0.337952 0.516127 0.00171045
0 0.880924 0.846188 0.238152 0.307623 0.00170994
0 0.916064 0.893017 0.167871 0.213965 0.00170883
0 0.408667 0.135412 0.331172 0.270824 0.00170723
0 0.979014 0.579114 0.0419726 0.433826 0.00170424
0 0.049312 0.606139 0.098624 0.402889 0.00169427
0 0.321445 0.120978 0.364378 0.241955 0.00169106
0 0.235523 0.124628 0.305654 0.249255 0.00168727
0 0.975087 0.521548 0.0498251 0.443326 0.00168146
0 0.142856 0.0851664 0.285711 0.170333 0.00168124
0 0.489043 0.447986 0.390491 0.69395 0.00167453
0 0.239226 0.530708 0.383408 0.679271 0.00167425
0 0.941316 0.134078 0.117368 0.268156 0.00167315
0 0.0333442 0.109969 0.0666884 0.219937 0.00167209
0 0.552253 0.938258 0.241027 0.123484 0.00166817
0 0.0317259 0.376801 0.0634518 0.268784 0.00166765
0 0.882674 0.90918 0.216027 0.18164 0.00166601
0 0.22155 0.328761 0.4431 0.657521 0.00166595
0 0.0310722 0.32048 0.0621445 0.270959 0.001664
0 0.184916 0.93555 0.248245 0.1289 0.00166205
0 0.554623 0.370369 0.339187 0.365856 0.00166115
0 0.942181 0.864801 0.115637 0.270399 0.00166015
0 0.793662 0.393763 0.412676 0.787525 0.0016592
0 0.429622 0.43364 0.418483 0.767039 0.00165913
0 0.532034 0.303757 0.389373 0.370849 0.00165473
0 0.106027 0.740533 0.212054 0.518935 0.00165359
0 0.857982 0.731888 0.284037 0.536225 0.00165028
0 0.201112 0.260478 0.402224 0.520955 0.00164131
0 0.669769 0.394817 0.494136 0.789635 0.00163654
0 0.0381089 0.594337 0.0762178 0.284595 0.00162134
0 0.34705 0.384151 0.469285 0.768301 0.00162123
0 0.381162 0.0499684 0.237412 0.0999368 0.0016153
0 0.037742 0.0780107 0.075484 0.156021 0.00161312
0 0.182617 0.253271 0.365234 0.278261 0.001612
0 0.708403 0.515793 0.442306 0.674855 0.00161155
0 0.764049 0.522624 0.26821 0.268871 0.00160887
0 0.183252 0.157563 0.366504 0.315127 0.00160543
0 0.0755401 0.724983 0.15108 0.547493 0.0016036
0 0.032404 0.144492 0.0648081 0.257083 0.00159855
0 0.788163 0.519069 0.203281 0.172827 0.00159595
0 0.387744 0.522825 0.425988 0.833474 0.00159276
0 0.0376676 0.545879 0.0753351 0.270154 0.00159267
0 0.0816951 0.173541 0.16339 0.209689 0.00158452
0 0.0452858 0.822263 0.0905717 0.316342 0.00157943
0 0.344115 0.184418 0.349027 0.368836 0.00157463
0 0.103168 0.926593 0.206337 0.146814 0.00156979
0 0.0390317 0.648356 0.0780635 0.290813 0.00156819
0 0.0775579 0.842373 0.155116 0.315255 0.00156708
0 0.112043 0.112014 0.224085 0.224029 0.00156591
0 0.567341 0.051661 0.241524 0.103322 0.00156461
0 0.29597 0.492112 0.422664 0.79251 0.00156357
0 0.159961 0.560197 0.319923 0.639476 0.00156168
0 0.0432577 0.765734 0.0865154 0.301034 0.00156111
0 0.254813 0.053322 0.240404 0.106644 0.00155719
0 0.0738043 0.328218 0.147609 0.248585 0.00155546
0 0.0669078 0.560415 0.133816 0.258981 0.00155001
0 0.867423 0.550047 0.265154 0.638582 0.00154806
0 0.30361 0.939224 0.253817 0.121552 0.00154238
0 0.818895 0.0512782 0.241251 0.102556 0.00153973
0 0.853756 0.702314 0.292488 0.483695 0.00153786
0 0.757609 0.432633 0.434552 0.794012 0.00153214
0 0.817403 0.440177 0.365194 0.829959 0.00153203
0 0.81826 0.134132 0.346563 0.268264 0.00152524
0 0.690211 0.932216 0.213104 0.135568 0.00151978
0 0.445752 0.0511694 0.231788 0.102339 0.00151291
0 0.0688777 0.608753 0.137755 0.286151 0.00151018
0 0.631539 0.0495515 0.23689 0.099103 0.00150917
0 0.757091 0.0490761 0.239274 0.0981523 0.001509
0 0.0401551 0.706695 0.0803102 0.288875 0.00150659
0 0.0328766 0.264807 0.0657533 0.248024 0.00150409
0 0.75636 0.134089 0.339361 0.268178 0.00150116
0 0.694761 0.0487602 0.236937 0.0975205 0.00150019
0 0.613161 0.935912 0.23837 0.128176 0.00149117
0 0.0724573 0.255448 0.144915 0.183756 0.0014904
0 0.0338568 0.210045 0.0677136 0.229434 0.00148998
0 0.0347674 0.430015 0.0695348 0.265977 0.00148378
0 0.910004 0.931383 0.179992 0.137233 0.00147878
0 0.073087 0.703691 0.146174 0.334184 0.00147491
0 0.0367112 0.487451 0.0734223 0.266673 0.00146945
0 0.265401 0.262362 0.413443 0.524723 0.00146461
0 0.240068 0.611074 0.310046 0.563209 0.00145084
0 0.81193 0.927608 0.218547 0.144783 0.0014497
0 0.543197 0.322672 0.0177605 0.0199163 0.00144674
0 0.0429631 0.865107 0.0859262 0.269787 0.00144152
0 0.749041 0.927834 0.21855 0.144333 0.00143968
0 0.465139 0.110261 0.309897 0.220521 0.00143929
0 0.816397 0.555476 0.240074 0.25341 0.00143913
0 0.861181 0.641354 0.277637 0.556091 0.00143742
0 0.219446 0.188582 0.318712 0.264827 0.00143402
0 0.65877 0.132334 0.33708 0.264668 0.00143391
0 0.403078 0.648128 0.390793 0.681558 0.00143138
0 0.176481 0.407185 0.352962 0.54204 0.00143124
0 0.509514 0.0524805 0.232726 0.104961 0.0014286
0 0.59624 0.127114 0.329484 0.254227 0.00142829
0 0.15495 0.143089 0.309901 0.254853 0.00142804
0 0.543976 0.313655 0.0141788 0.0200698 0.00141536
0 0.0638907 0.345663 0.127781 0.319956 0.0014152
0 0.317681 0.0489873 0.238827 0.0979747 0.00140973
0 0.0565712 0.700874 0.113142 0.471817 0.00140838
0 0.797316 0.551806 0.390764 0.589796 0.00140493
0 0.874409 0.931308 0.228069 0.137384 0.00140042
0 0.277747 0.643775 0.282164 0.513463 0.00139342
0 0.850546 0.620218 0.294514 0.433853 0.00139282
0 0.17621 0.630018 0.320019 0.56866 0.00137701
0 0.0738836 0.763941 0.147767 0.316252 0.00137592
0 0.103927 0.240508 0.207853 0.156344 0.00136543
0 0.114554 0.631678 0.229108 0.617017 0.00135003
0 0.235753 0.937159 0.242707 0.125683 0.00134194
0 0.651294 0.425697 0.0141417 0.0304472 0.00130568
0 0.129238 0.440273 0.258476 0.603779 0.00127528
0 0.53033 0.104722 0.31588 0.209445 0.00124929
0 0.0804471 0.0911361 0.160894 0.182272 0.00124866
0 0.109111 0.399244 0.218223 0.448427 0.00118697
0 0.549537 0.313017 0.00982635 0.0210566 0.00104651
