0 0.63825 0.612444 0.0119999 0.0213333 1
0 0.537771 0.684382 0.468441 0.631236 0.00477641
0 0.789809 0.346335 0.420382 0.69267 0.00349069
0 0.79705 0.173967 0.4059 0.347933 0.00328174
0 0.535958 0.711415 0.355592 0.57717 0.00302157
0 0.630017 0.662979 0.508531 0.674042 0.00298289
0 0.570423 0.245309 0.406511 0.490618 0.00291191
0 0.181428 0.251474 0.362856 0.502949 0.00285294
0 0.262246 0.257941 0.392376 0.515882 0.00279279
0 0.591531 0.736309 0.489407 0.527381 0.00278124
0 0.77082 0.259538 0.458361 0.519077 0.00269014
0 0.359137 0.260201 0.383809 0.520402 0.0026388
0 0.0397179 0.0567407 0.0794358 0.113481 0.00254867
0 0.943965 0.642733 0.112069 0.53305 0.00245843
0 0.943874 0.548256 0.112251 0.512595 0.002453
0 0.834847 0.31251 0.330306 0.625021 0.00242047
0 0.969096 0.771517 0.0618076 0.436037 0.00241911
0 0.584748 0.637703 0.480122 0.724593 0.002383
0 0.854992 0.795217 0.290016 0.409565 0.00237378
0 0.910731 0.455105 0.178537 0.539521 0.00236599
0 0.632042 0.165774 0.405933 0.331548 0.00236079
0 0.919747 0.795006 0.160507 0.409988 0.00234924
0 0.596714 0.836549 0.428308 0.326901 0.00232233
0 0.713423 0.180663 0.421493 0.361327 0.00230561
0 0.869404 0.421626 0.261191 0.539604 0.00226517
0 0.220367 0.350857 0.246985 0.531815 0.00224557
0 0.923891 0.0706219 0.152217 0.141244 0.00220589
0 0.874367 0.5469 0.251266 0.72554 0.0022026
0 0.488779 0.234277 0.385675 0.468554 0.00219904
0 0.936949 0.752272 0.126102 0.495456 0.00219134
0 0.12295 0.394605 0.244656 0.529921 0.00215826
0 0.156205 0.386876 0.197805 0.491558 0.00214838
0 0.408146 0.2316 0.341155 0.4632 0.00214651
0 0.939788 0.0870741 0.120424 0.174148 0.00214036
0 0.939333 0.915402 0.121335 0.169196 0.00214
0 0.276644 0.334971 0.206137 0.520136 0.00213758
0 0.826684 0.781954 0.346633 0.436092 0.00212929
0 0.928253 0.162541 0.143494 0.325082 0.00210076
0 0.973658 0.691818 0.052683 0.389365 0.00209844
0 0.212628 0.361943 0.186776 0.471916 0.00206954
0 0.863436 0.264851 0.273129 0.529702 0.00205635
0 0.0825925 0.899047 0.165185 0.201906 0.00205205
0 0.166726 0.358987 0.300441 0.55798 0.00203021
0 0.974142 0.5731 0.0517161 0.370286 0.00202943
0 0.10191 0.791939 0.20382 0.416122 0.00202569
0 0.938896 0.465131 0.122207 0.487587 0.0020067
0 0.941928 0.818397 0.116143 0.363207 0.00200425
0 0.82873 0.45052 0.326312 0.549348 0.00199563
0 0.323809 0.329527 0.177645 0.513824 0.00198415
0 0.0719723 0.915421 0.143945 0.169159 0.00196689
0 0.874825 0.859429 0.25035 0.281141 0.00196486
0 0.0669093 0.355997 0.133819 0.41201 0.00195699
0 0.783758 0.721983 0.410714 0.556035 0.00195096
0 0.242693 0.352139 0.183203 0.470665 0.00194102
0 0.244275 0.793981 0.214694 0.412038 0.00193601
0 0.641723 0.888552 0.318573 0.222896 0.001934
0 0.881026 0.0586945 0.237948 0.117389 0.00193191
0 0.496252 0.833474 0.450614 0.333052 0.00192444
0 0.74578 0.864493 0.269281 0.271014 0.00192361
0 0.794363 0.47941 0.411273 0.751262 0.00190651
0 0.852503 0.140064 0.294994 0.280129 0.00190342
0 0.188398 0.79567 0.215206 0.40866 0.00190157
0 0.923117 0.316407 0.153766 0.45465 0.00188857
0 0.874753 0.935261 0.246511 0.129478 0.00188346
0 0.907948 0.841689 0.184103 0.316622 0.00187405
0 0.0491405 0.897279 0.098281 0.205441 0.00186666
0 0.380238 0.794312 0.185322 0.411376 0.00186558
0 0.0510411 0.923142 0.102082 0.153717 0.00186389
0 0.898876 0.896202 0.202247 0.207596 0.00186258
0 0.0335239 0.117747 0.0670477 0.235493 0.0018592
0 0.91888 0.411007 0.16224 0.412502 0.00183893
0 0.980953 0.628649 0.0380934 0.430255 0.0018291
0 0.125775 0.892429 0.210786 0.215141 0.00182148
0 0.757334 0.396583 0.485332 0.793165 0.00181686
0 0.312055 0.794217 0.2194 0.411566 0.00181649
0 0.893227 0.384188 0.213546 0.431685 0.00181072
0 0.348272 0.889701 0.206147 0.220599 0.00180338
0 0.0785734 0.768607 0.157147 0.433051 0.00180066
0 0.862255 0.834898 0.275491 0.330203 0.00179966
0 0.950475 0.152239 0.0990496 0.304478 0.00179318
0 0.904998 0.930108 0.190004 0.139784 0.00179226
0 0.540703 0.914256 0.283301 0.171488 0.00179156
0 0.481954 0.580502 0.150817 0.463117 0.00178356
0 0.190552 0.892692 0.212458 0.214615 0.00177238
0 0.0811147 0.849578 0.162229 0.300844 0.00176938
0 0.72533 0.676164 0.467596 0.647672 0.00176759
0 0.20525 0.305116 0.391097 0.610232 0.00176264
0 0.943072 0.190012 0.113856 0.380024 0.00176231
0 0.2094 0.766392 0.204481 0.465641 0.00176105
0 0.809616 0.869518 0.241459 0.260965 0.00176069
0 0.357297 0.294496 0.283312 0.588992 0.00175875
0 0.702616 0.35574 0.501936 0.711479 0.00175602
0 0.795332 0.919293 0.187529 0.161415 0.00175468
0 0.424351 0.748119 0.17222 0.503761 0.00175414
0 0.0632394 0.0581755 0.126479 0.116351 0.00175093
0 0.872958 0.893788 0.25067 0.212424 0.00175037
0 0.121458 0.831928 0.216201 0.336144 0.00173576
0 0.249775 0.893479 0.210293 0.213041 0.00173472
0 0.145298 0.331499 0.290596 0.653534 0.00173365
0 0.482286 0.76547 0.335619 0.469059 0.00173187
0 0.591953 0.897942 0.3287 0.204116 0.00172592
0 0.942768 0.878356 0.114464 0.243287 0.00172195
0 0.893821 0.135609 0.212357 0.271218 0.00172013
0 0.094621 0.647984 0.189242 0.471922 0.00170477
0 0.407268 0.895768 0.211289 0.208463 0.00170457
0 0.0641555 0.25714 0.128311 0.514279 0.00170138
0 0.345066 0.829963 0.20997 0.340074 0.0016996
0 0.822567 0.910034 0.207052 0.179932 0.00169521
0 0.153271 0.766127 0.210145 0.467747 0.00168925
0 0.269906 0.765742 0.202579 0.468517 0.00168879
0 0.912529 0.208281 0.174941 0.416561 0.00168828
0 0.955123 0.210194 0.0897541 0.420388 0.00168681
0 0.0775492 0.598092 0.155098 0.413291 0.0016851
0 0.0958409 0.539157 0.191682 0.449959 0.00168401
0 0.44905 0.854833 0.292708 0.290334 0.00168387
0 0.342696 0.143077 0.318001 0.286153 0.00168083
0 0.9673 0.455896 0.0654 0.436901 0.00167606
0 0.0719452 0.327769 0.14389 0.293446 0.00167286
0 0.244889 0.126882 0.311777 0.253763 0.00167166
0 0.934089 0.246648 0.131823 0.465225 0.00166465
0 0.149699 0.12031 0.299398 0.24062 0.00166438
0 0.214414 0.828997 0.211561 0.342007 0.00166286
0 0.0780962 0.494943 0.156192 0.397619 0.00166053
0 0.0680458 0.206681 0.136092 0.319844 0.00166005
0 0.488561 0.683886 0.183035 0.632227 0.00165606
0 0.72464 0.915786 0.233243 0.168428 0.0016492
0 0.277398 0.830033 0.214153 0.339935 0.0016474
0 0.457 0.598904 0.0792414 0.355197 0.00164737
0 0.775872 0.619505 0.448256 0.76099 0.00164006
0 0.409595 0.542603 0.126757 0.438869 0.00163928
0 0.454911 0.55953 0.0965832 0.359823 0.00163846
0 0.410775 0.846158 0.197331 0.307683 0.00163567
0 0.815752 0.936273 0.223107 0.127454 0.00163364
0 0.406448 0.48345 0.143983 0.459614 0.00162943
0 0.976235 0.502784 0.0475293 0.469339 0.00162661
0 0.828291 0.596409 0.343419 0.807182 0.00162593
0 0.556616 0.56332 0.394604 0.775023 0.00162272
0 0.101608 0.92432 0.203217 0.15136 0.00162114
0 0.070551 0.666189 0.141102 0.37354 0.00161977
0 0.594017 0.117681 0.325411 0.235362 0.00161771
0 0.772441 0.822981 0.34557 0.354037 0.00161634
0 0.954179 0.404088 0.0916415 0.436077 0.00161371
0 0.0954564 0.439225 0.190913 0.446405 0.00160997
0 0.375037 0.455839 0.138016 0.499337 0.00160992
0 0.571159 0.306213 0.42849 0.612425 0.00160912
0 0.447118 0.528133 0.137562 0.411336 0.00160731
0 0.336152 0.767699 0.203345 0.464601 0.00160508
0 0.654733 0.265064 0.46599 0.530127 0.00160492
0 0.819822 0.0499643 0.241885 0.0999286 0.00160346
0 0.349027 0.33579 0.135096 0.440015 0.00160334
0 0.642207 0.937984 0.251832 0.124031 0.00160191
0 0.371338 0.305641 0.13889 0.411684 0.0016015
0 0.669058 0.568013 0.494462 0.863975 0.00159977
0 0.506019 0.517085 0.271615 0.528926 0.00159799
0 0.497972 0.921179 0.241594 0.157642 0.00159299
0 0.376555 0.377214 0.12749 0.428897 0.00159037
0 0.268059 0.488695 0.204117 0.455991 0.00158829
0 0.534699 0.125297 0.330171 0.250593 0.00158095
0 0.408022 0.388111 0.137202 0.395617 0.00157947
0 0.869065 0.700983 0.26187 0.598034 0.0015735
0 0.182445 0.392469 0.200637 0.439252 0.00157075
0 0.695229 0.933333 0.256218 0.133334 0.00156958
0 0.63283 0.356779 0.437974 0.713558 0.00156173
0 0.392151 0.126416 0.295317 0.252832 0.00156058
0 0.446305 0.48202 0.216286 0.520046 0.00155818
0 0.462703 0.914301 0.23282 0.171399 0.00155781
0 0.0488476 0.82068 0.0976953 0.322936 0.00155729
0 0.706365 0.441319 0.484125 0.882639 0.00155623
0 0.552403 0.937987 0.245376 0.124026 0.00154633
0 0.240734 0.435014 0.203726 0.44216 0.00154433
0 0.0478268 0.764669 0.0956537 0.318912 0.00154256
0 0.412862 0.605258 0.101764 0.403676 0.00153945
0 0.107084 0.0472069 0.214169 0.0944137 0.00153333
0 0.296307 0.440586 0.194532 0.471254 0.00153298
0 0.352032 0.0496275 0.23127 0.099255 0.00152747
0 0.37911 0.566059 0.135565 0.484726 0.00152145
0 0.162863 0.0450298 0.22883 0.0900596 0.00151651
0 0.239609 0.706747 0.202728 0.460047 0.00151643
0 0.0641809 0.148575 0.128362 0.29715 0.00151349
0 0.0473398 0.650938 0.0946796 0.313318 0.00150769
0 0.210883 0.486489 0.207811 0.444058 0.00150536
0 0.267211 0.596018 0.203913 0.466253 0.00150233
0 0.226239 0.0456536 0.227566 0.0913071 0.00150178
0 0.0480255 0.48534 0.0960509 0.311685 0.00150064
0 0.150242 0.487854 0.208417 0.441123 0.00149964
0 0.0472246 0.706538 0.0944491 0.313227 0.00149711
0 0.409429 0.302944 0.124637 0.315615 0.00149631
0 0.0481334 0.540787 0.0962668 0.314023 0.0014956
0 0.0472748 0.42944 0.0945496 0.307691 0.00149279
0 0.0360744 0.207501 0.0721488 0.275334 0.00149121
0 0.466613 0.393588 0.269054 0.537432 0.00148967
0 0.349944 0.480517 0.154947 0.524683 0.00148839
0 0.517254 0.450059 0.40656 0.736892 0.00148827
0 0.0433476 0.31881 0.0866953 0.29285 0.00148704
0 0.040245 0.265664 0.0804901 0.28181 0.00148689
0 0.0478604 0.596042 0.0957208 0.314653 0.00148681
0 0.506442 0.0461876 0.233486 0.0923751 0.0014843
0 0.31101 0.925285 0.223146 0.149429 0.00148334
0 0.209999 0.647753 0.205407 0.456157 0.00148134
0 0.245953 0.925832 0.223742 0.148337 0.00148058
0 0.570255 0.0491068 0.234467 0.0982136 0.00147951
0 0.239893 0.539001 0.204763 0.451995 0.00147823
0 0.0455513 0.372938 0.0911027 0.302313 0.00147749
0 0.294976 0.550481 0.198694 0.482585 0.00147288
0 0.288733 0.0473613 0.230631 0.0947225 0.00147244
0 0.40664 0.282975 0.149644 0.412613 0.00146951
0 0.154354 0.926886 0.225049 0.146228 0.00146807
0 0.414822 0.0481437 0.229682 0.0962874 0.0014591
0 0.756344 0.0483999 0.238061 0.0967997 0.00144584
0 0.149117 0.591713 0.20886 0.456472 0.0014383
0 0.324917 0.512095 0.181288 0.505419 0.00143807
0 0.182703 0.706901 0.204243 0.465003 0.00143259
0 0.664147 0.0500024 0.238382 0.100005 0.00142056
0 0.372177 0.723412 0.161681 0.472187 0.00141472
0 0.297473 0.668279 0.201847 0.492562 0.00140915
0 0.373298 0.924769 0.224639 0.150462 0.00140408
0 0.111419 0.70448 0.210348 0.483248 0.00139749
0 0.471762 0.301723 0.267155 0.477867 0.00139395
0 0.460738 0.119449 0.306421 0.238898 0.0013912
0 0.112333 0.590637 0.207399 0.465594 0.0013736
0 0.180547 0.538754 0.205701 0.451536 0.00137293
0 0.433916 0.929648 0.231247 0.140703 0.00136108
0 0.330757 0.626643 0.194235 0.516586 0.00135258
0 0.656558 0.110654 0.324144 0.221308 0.00134137
0 0.434283 0.736758 0.120878 0.523374 0.00133177
0 0.599638 0.406116 0.44359 0.782758 0.00131529
0 0.44975 0.675569 0.0866486 0.4125 0.00131477
0 0.361033 0.637951 0.175437 0.515732 0.00131082
0 0.782288 0.128771 0.326383 0.257542 0.00129015
0 0.62973 0.0739278 0.0180245 0.0489611 0.00128252
0 0.401793 0.673242 0.119797 0.416809 0.0012673
0 0.111137 0.122869 0.222274 0.245739 0.00122552
0 0.715095 0.124575 0.318962 0.249149 0.00121512
0 0.424753 0.221605 0.014152 0.0343195 0.00113468
0 0.752776 0.184483 0.0145328 0.0323604 0.00104509
0 0.639535 0.101942 0.0387456 0.121537 0.00103459
